109897
087325
029058
075672
079142
089230
016147
060678
103365
095995
040639
076821
012312
097898
031523
060148
089208
099635
051613
100960
012711
099306
055664
051051
108756
112983
051858
067111
034225
068358
046051
079008
071277
117053
001205
054815
104944
088165
054702
107091
062062
119416
100429
072251
084873
095369
063285
010607
112812
052132
022410
017654
057253
056466
073487
112989
069895
081983
029174
120052
024852
053694
071730
070790
050214
008451
077011
031670
085661
040083
092803
094345
081825
084069
057357
096402
053918
109198
043594
039327
028908
042840
095273
104342
042807
019834
105228
107538
087898
038721
071839
009525
070933
047833
015462
102516
083214
004487
091853
109283
006742
057697
117614
072926
032260
071453
016721
079215
103164
083716
015311
081635
018702
045715
013719
059831
080339
018976
003476
075240
071865
088566
079531
113372
045999
083417
077976
018857
114428
058076
072037
057379
062375
091692
119717
010764
069208
109672
046141
103892
069630
027350
075674
052409
076253
088713
097586
064998
058429
065281
073677
026583
007990
005279
011145
047112
027766
100316
002358
004686
010202
075858
076262
070159
079621
012155
050427
007055
107423
091168
094471
021572
006752
026638
003049
054701
043884
031949
046320
067947
041090
092799
029304
067370
036344
044913
042738
112845
063946
010364
009017
081499
075702
078987
007727
096073
066510
058652
066138
102259
031923
094977
098562
028056
056903
088985
080328
045228
043302
100104
039772
061455
120581
047281
092505
119329
101999
046712
097027
089977
100086
108305
042326
011655
101435
073188
050772
119891
057216
047993
096066
095321
110879
024096
064201
073811
061931
015280
021464
034167
078008
057704
017220
022463
103984
041216
043959
028449
055564
048688
060355
007757
027866
005390
058856
011924
083608
006570
008723
010056
100818
022358
101732
018165
003093
034235
017750
052966
017267
064341
067761
106388
111583
060023
017798
055334
037621
003243
098414
008346
057000
067942
067731
066522
038695
002117
109079
087271
028942
011747
026408
019389
065289
017231
002732
031011
079778
109514
069651
056052
084407
043490
058893
036900
080082
017189
008487
076333
047477
092643
035512
059325
009376
019431
094694
031550
079154
042193
084265
011628
111426
002105
079563
082467
116299
110727
096347
059490
001374
109893
094290
010187
093110
069652
095100
099152
032397
008860
071039
050013
052620
011115
077214
093660
079987
045325
058743
104511
071630
042250
053350
037835
095473
081642
020051
009617
077704
063635
042157
116415
095736
092047
056563
066320
045045
036876
095280
014434
001706
077420
103630
031360
028337
013372
010268
069759
099678
062177
020533
015030
005499
043998
111225
022009
097435
060433
056652
045114
084334
061025
077452
071941
017291
100985
060297
025100
055796
070810
095533
025883
113106
019370
048349
032095
058827
113867
104796
012754
032291
108984
007286
119867
019327
010744
032514
107468
033980
049697
091801
039933
027699
100738
039820
038662
010644
118717
039440
088847
085380
043639
117891
046790
081847
104744
051220
016533
085312
069866
024020
093003
023349
042086
079240
120264
045926
066185
025938
062207
054456
084431
040363
000643
045834
092223
023713
053190
070091
011263
120272
119148
069424
073093
093778
090211
025739
117546
048701
034814
061459
085885
103327
116884
073949
077951
037591
070841
066203
112826
108050
090856
073951
012508
073463
083216
030973
069056
032584
093379
005705
114134
056804
072435
017486
019353
091240
051888
009797
094331
078317
110347
047819
016133
017888
042150
046529
019239
115240
047449
099644
020379
075136
095842
101655
101107
104672
020600
118612
047496
002575
021817
049693
084781
045224
014603
078086
089263
099273
097216
033156
100794
018706
117945
020428
073651
045911
011480
014855
084292
009257
036912
112006
007135
050464
047072
081217
046056
005112
049110
043798
062466
004990
059980
004097
115150
072834
008777
054805
099242
053318
031396
090146
015102
059349
014343
020326
089629
087518
116167
059468
079857
096227
108455
047037
113619
052211
057537
120331
026836
050510
074198
049111
050884
089052
025418
012850
057014
020788
049815
075285
082505
111080
097228
058554
032242
071031
052625
118719
056793
033967
092459
054380
064843
113683
116199
117486
046061
019503
066658
065169
080702
090916
087748
028458
103996
086738
033199
113143
025369
020773
064492
056824
069296
029482
075225
076748
054678
020587
021554
118225
083249
020712
110282
068960
016578
059553
041647
069467
044695
051821
038590
045459
039653
038683
083744
091744
056181
076085
054479
037651
060003
092551
044351
104810
117605
006718
020470
117824
099872
117012
102126
029861
100727
038555
077775
073278
120260
070248
070221
067260
036673
026197
036389
042322
003679
098300
022977
062723
103051
092898
022235
028870
071017
031369
071833
098622
094881
058509
018500
060815
033581
044980
082836
090004
023254
117564
110262
033639
068135
092716
017190
090328
100136
002692
064361
048354
084201
098218
029866
112997
103916
077880
092402
043786
001613
003405
013794
049268
106298
096716
065011
002544
113505
118898
034413
104318
012432
023643
111494
118684
070657
103589
111015
007453
023324
032796
099501
095105
007172
092357
034048
047728
011149
003998
106637
099585
031223
055003
116811
019891
053607
105482
106288
084485
049481
056560
061444
066566
042283
080028
097970
099189
007112
002341
076937
069604
075177
073429
038965
052183
076980
050313
065821
051884
084472
073932
064282
032394
115259
011095
113189
059213
096263
097722
039683
031193
096855
010787
118388
087025
028032
003718
108514
090134
099803
095957
009490
042659
013281
002541
041112
084549
038318
094949
073038
076543
026184
071352
026232
070817
054560
019737
031877
042576
052227
006394
080556
049958
020374
107975
010186
017235
041967
068054
116675
120210
046861
036561
074163
007353
115841
113313
067135
033436
053411
078949
099410
045103
037566
088503
001580
095235
092159
007855
051835
042325
011447
028197
079078
088529
068610
087587
014467
005503
087479
024561
037443
009149
043320
031069
055444
094798
111818
096995
071884
116819
097376
109762
097156
005489
079585
006376
041366
090961
079301
027838
037824
007259
104546
061627
096882
038624
032487
006336
004915
021593
093726
044131
099134
066288
032076
081371
048465
043736
068529
010412
020258
053035
108026
112449
111061
005870
040263
078684
106696
012700
094665
036104
097185
098156
111922
073161
048361
072158
083629
030535
017617
061153
120489
025082
034891
041831
113911
045489
083252
107779
118434
068297
117143
094106
031398
091715
117998
029429
039632
080602
057030
016395
057660
095667
073072
024573
064320
071782
093850
088310
062191
080460
115949
077156
075947
036906
084204
068215
065356
058955
029167
115999
030000
099771
052680
040056
025250
043075
031787
067965
031255
047478
042527
044780
022522
031505
067815
044103
077461
038334
098017
115075
092413
052035
005447
096612
012372
051210
112580
059247
101049
060787
038109
071767
108809
004585
094258
060022
063992
088886
016341
102470
017343
068227
042797
043130
067866
100189
040162
107630
011059
113062
086034
112744
084735
108349
073687
089322
058301
000753
000958
078016
007861
070589
010073
039878
034569
106133
099226
091298
097002
044096
023356
069788
069722
009654
116422
066473
016208
034021
058695
015157
014557
016532
120470
017185
049163
078650
083413
038927
096320
069359
071796
086579
041054
096403
075714
077563
105486
017245
064566
073417
020861
039273
025570
073702
060004
099483
063426
086518
068267
088685
066975
045821
063736
011854
090592
060283
074093
074648
061624
008550
000442
098710
088098
071457
102334
024911
034672
024035
103312
039577
040824
051330
091408
056981
104343
068226
074827
100719
046539
078284
062323
044431
087397
060311
054849
063448
004262
014824
007599
095081
112890
071729
023587
047784
017079
023084
113914
077610
076304
098281
025873
095401
017143
036993
076289
022084
091302
078730
027080
001171
097889
003385
064032
102383
013257
062392
002737
012799
111939
109816
030187
012846
001672
048821
004102
092977
038502
054358
111236
061250
021849
040023
060764
065329
078898
110521
017361
105506
021306
102930
033821
110694
003786
092975
012339
074615
038827
089940
112442
013216
035884
099353
010903
091350
080292
068795
069233
049606
085875
049480
096038
044608
114826
000465
021295
077794
050686
054010
054553
080999
020731
002859
060781
058805
085760
071269
063907
106151
017001
083740
103030
079917
071322
087079
022069
081617
039790
014060
068518
015167
041708
075095
120624
001509
011970
071911
051595
062287
058536
084424
038125
032035
035022
066092
031669
074105
080829
105279
028299
007351
099719
109776
025630
002060
100640
031605
009733
117131
023946
059756
109076
088104
061950
056179
076466
008502
101479
103837
061396
077881
028588
011831
010048
043371
056695
014318
089204
089566
015319
109593
111777
018632
023046
003454
080236
072156
077274
054257
115159
058189
098917
033295
100576
031167
080531
071188
014412
058535
089873
000869
093031
013677
059972
110482
077419
083179
084050
072730
044328
087287
040906
023724
114847
080594
118941
057477
095970
048253
042742
113302
036725
098118
073358
005131
036604
025246
084926
066781
074515
098295
089765
052174
101422
102051
072042
017414
114806
009267
079611
005735
043826
084322
003022
014622
027809
054349
023322
008373
095450
076429
066939
016864
072842
062743
113488
006713
074501
009992
002154
063094
070145
032086
078475
012203
054966
040387
075185
094549
056261
096196
004973
099270
053767
026495
022591
084903
050923
065136
054773
036746
055959
056335
067132
042953
056612
080622
105045
026129
012705
108558
058640
069477
106758
010324
018597
099187
109885
016981
013581
044329
017638
068034
092578
115573
106315
117710
036002
076590
051130
085056
083989
066777
107612
070642
079143
084706
043417
088510
033028
101826
018136
009691
030989
020022
077918
108399
011978
023814
042028
029539
026246
091009
036693
086532
114060
010461
022888
027773
102871
088208
104721
081602
049637
111805
071028
048165
038030
041935
077065
019647
062548
065955
054116
042413
028874
071693
118354
074665
085900
099724
013271
110116
041488
117878
046537
030271
073986
023382
015499
091990
118347
112341
046288
111622
059162
099380
029263
060044
074595
013702
111314
086210
058375
086403
113923
098430
071886
018062
093399
048651
011450
057510
014755
011884
111357
055643
113237
116842
054309
067846
076136
119988
120128
099215
026374
095146
033137
034227
063001
013657
009117
039601
030881
046164
016708
070540
093281
085393
038088
098179
047697
005538
111377
099125
086901
005924
030826
064354
005842
095578
017546
014847
072972
043743
000038
020432
002789
085329
040823
001508
101683
113859
100643
028262
046788
080722
021739
081158
086393
060792
110804
062767
008117
030374
064190
030887
088966
003490
111098
065755
034031
015241
028741
060640
046801
061687
040745
077376
084679
089634
085388
087598
096704
058154
022068
006136
002402
098019
090818
120610
058055
114029
044151
108780
045220
103859
114721
072060
041980
098984
101929
114842
069412
037238
106531
016279
025506
001687
081335
097718
083001
109438
095944
082814
030529
119346
047131
114577
068424
104702
044397
065669
038786
087497
119731
062009
048874
034274
036971
025483
090397
073501
114689
099513
066130
117133
012709
041882
059386
044034
102975
032250
110822
105321
099650
072280
120232
017039
102010
050391
047206
054883
022208
014662
021165
018570
099575
104843
041970
027961
063551
051083
075410
021997
077113
035078
067840
005189
116081
037730
101046
056090
071950
008144
014745
032939
030632
087964
111304
013395
022285
000849
118346
027745
110126
026163
101088
064019
060323
020347
036973
051797
039936
066775
027816
117360
001186
055373
031424
024321
053106
020789
061785
007125
022362
056093
044561
023191
077624
107829
064383
062594
064734
033038
001618
045195
090948
088583
078153
118233
039050
088758
111039
029588
050579
099879
109342
077813
107717
068368
015943
094767
022183
021200
102702
109506
063939
020359
009297
117254
027110
065291
076737
058309
055330
058761
039160
059546
095432
008119
110358
079902
082508
113939
053830
026115
100658
115991
013846
088612
021135
113400
062952
066268
023235
028607
012243
061343
117960
081630
115131
046557
008985
060483
039148
058555
076417
103447
058357
059856
051425
067244
119662
032835
111709
049890
018396
084622
069225
062046
051775
024931
045418
056191
029432
018796
076837
037854
046358
055324
096096
006270
001495
048428
117008
072258
000946
018587
108773
041269
069301
011697
059798
082146
026904
073838
003528
066980
044043
043720
028509
104411
107721
035822
097400
108889
112223
049293
019585
002440
118127
010877
075219
030669
002685
021960
016862
059683
073500
071807
118818
022986
038006
099415
070455
109010
105323
039831
046898
073738
003180
043787
057456
068835
062242
109416
106530
021441
020613
093108
041104
039532
005947
086167
073174
011383
047895
079956
017229
082391
106137
041580
079546
115792
057765
042367
060652
014395
032729
045142
034146
087146
033662
081359
120551
057790
014793
023752
037895
054518
030641
020402
074671
029042
104153
030237
001211
012411
054641
005954
061701
081750
101073
080583
090990
117639
074087
105555
042169
092717
051754
023471
083493
056060
049775
025230
038175
031287
021975
020756
075747
045279
093363
037023
020407
105237
040035
023883
031648
062142
060850
088436
107546
012676
007042
109505
035379
071134
085524
049414
018091
036732
014942
077231
104695
117981
105348
053025
004685
103334
056405
051250
093269
022798
059057
060017
091202
057229
119476
115639
035629
008967
002072
052520
040165
079226
023708
090934
002928
059912
100734
077527
109916
067330
085722
093528
117347
109936
051992
075313
050803
064408
064630
116773
108113
018005
052824
005377
063466
073659
058823
027009
040857
052648
084110
012444
008546
094469
085720
018399
007883
093881
014344
043581
009607
075100
081784
003380
106293
082371
102379
030427
003427
112787
052607
030042
002811
009685
007538
022178
019347
085528
085595
041196
107712
103712
045528
114200
031794
035665
091426
063774
073940
056982
000647
076542
010989
088056
042321
073583
056812
106396
093551
115741
074720
102271
118402
016833
110371
011885
047962
046454
039127
095642
106956
056842
035538
105896
043574
075050
115654
067069
086438
074531
052775
079836
051544
011192
009843
007218
039512
053085
040335
030414
046857
061145
053566
038301
081087
011729
106302
057786
024291
083285
001637
023851
100274
066501
074783
077818
090473
091248
016003
035606
083545
079554
098611
044145
095023
003162
082572
016953
002841
090130
099160
077287
120107
023569
079767
048484
089666
047511
091751
024740
115637
119421
005273
039576
103742
069822
033629
052886
053708
009099
080346
100041
023606
060365
014911
034927
021370
020594
043372
080963
060467
120570
096081
091794
050403
080658
020342
112726
071506
027203
010895
067451
088430
012617
060827
102781
065456
002000
004332
032187
005701
014398
025445
030213
119616
076841
050952
040495
027901
033610
004567
092887
093985
076971
030549
094443
060147
035431
010514
095700
047372
118010
065539
102115
054466
034066
094691
044512
076345
092066
001048
100356
041741
033423
115201
094747
092679
110600
033976
096619
028960
011405
101102
062724
019357
041313
038282
002198
075063
003084
080293
012347
113463
052221
070244
017299
030512
089436
100116
095296
032217
064752
006235
085932
017161
104221
013780
046252
072083
061988
099203
058505
009293
037178
044178
060158
048188
024840
093796
048462
024810
085700
117725
023710
028564
009601
052565
018454
066860
083010
020490
086699
071050
012592
072141
008685
044112
100911
063669
021769
069896
105736
041207
003170
079094
017470
058994
104912
117041
013404
031128
115638
006496
093970
068618
097848
058661
109252
084995
109634
079643
113722
030256
100366
041598
066169
095091
026850
092857
040193
047607
056841
051624
102049
104844
024150
094743
063526
026190
045445
074270
068513
010620
023997
046840
099959
108228
013062
043021
049244
104502
059464
029935
102963
016761
011425
050656
024553
065975
067642
038622
067293
038203
098053
034037
096429
108343
068735
053184
040516
094040
043682
015229
107150
099621
023044
075862
091992
048847
074400
068181
051959
018340
086213
084385
055920
011878
057371
116968
071059
071890
112691
022118
062833
068915
042804
105373
000385
113283
065120
064126
094825
115377
053458
035923
087807
057086
081438
107473
059014
120473
014555
085020
084600
004046
092187
069485
072057
034562
078845
107268
120351
052360
016957
024771
012236
098129
083312
098928
066142
070677
101582
093218
068366
094618
099382
070292
083513
054419
118370
085731
037816
033574
008348
071218
087257
042426
036068
016844
074532
025023
029428
028644
061775
063130
084215
008323
071073
051122
001398
078121
024266
111363
017341
015611
055578
077257
102907
001305
073603
045570
116667
047092
055675
109196
005084
074659
055363
008324
093808
057115
074896
080796
113884
054885
009640
074917
011108
070971
008148
055709
120379
083341
001806
059941
076891
029581
042437
079263
051917
021781
090581
114444
003173
088072
115967
002934
078260
012684
073965
100477
029858
020187
080313
113924
001148
047140
118212
011427
118658
043231
074830
017811
013454
107995
052300
008480
070276
048913
105609
063102
070595
019481
019192
015780
097363
008307
045001
021591
003566
053541
007263
000959
011756
076861
114820
084623
005914
077243
043727
042055
000355
035244
020523
106321
034478
056896
090758
015244
010511
091991
018910
058880
015101
028399
062958
062922
027810
019144
050905
064027
117638
103670
115162
068107
064660
089867
016503
081535
076763
099843
025577
063312
001270
023812
016896
097481
112282
012007
063984
107823
066370
099662
023258
090288
120288
010561
075639
089834
021393
009181
086855
073097
056980
065005
095239
027774
096294
047084
003841
051710
115535
013844
033171
033990
003640
047171
108328
041080
119865
107006
004027
008459
053732
073435
046324
017336
057377
005056
052177
022450
065404
009987
091966
000155
040912
003150
045266
086517
057417
052464
113119
069142
109572
019514
103122
050558
057313
031034
047466
079080
058825
041402
066148
019513
106411
067539
005246
077571
012720
095707
078112
003270
093252
021639
089058
098189
020467
069352
030974
046892
020655
105976
111076
092630
022020
087662
027386
081646
049449
047233
004597
016959
101881
107591
071526
109309
033794
037285
051870
112036
020681
092567
085476
006582
092594
077857
067490
100006
079670
114699
113379
105108
099555
088888
040491
047905
059450
039448
087779
008090
095268
072388
066837
057630
014510
000223
085347
063707
104561
071069
061593
010654
004375
079783
084866
079941
055069
086918
052828
120083
104537
030169
101606
107416
010006
115163
102052
087419
036787
119842
075462
057576
115750
042567
022346
004996
020792
007018
065542
000945
057754
013273
002757
004040
000468
026561
035597
108303
048622
032885
082682
071589
022333
044378
113328
090730
097563
080933
094733
010235
006590
051871
081226
104372
009135
022231
046365
030436
045691
090175
096036
117850
035060
097103
100230
053647
047941
096652
013716
078937
040868
012793
092153
113394
040643
101113
039292
043041
034382
119579
104134
076680
016276
065981
015705
091722
059933
026311
037216
026705
018180
120240
085662
101172
009125
004179
048886
081067
017915
021848
053199
027311
066640
065325
098365
032488
007155
112748
066145
111265
037366
016704
071612
044032
018826
044528
099372
002087
049866
086992
052200
009783
107849
088692
119146
046704
007833
068609
036962
026462
021079
001537
116114
083268
062605
086134
079373
016177
069186
005036
026210
071819
060248
020903
056826
105537
059052
055345
080566
114816
062778
063652
045651
096736
038239
072202
044240
062702
112245
026791
057088
045760
010081
095328
065957
072019
037484
008277
028999
047949
058513
014721
068788
018337
114898
075515
117783
097107
018144
078450
027043
089753
114293
065160
041995
078032
020983
107658
110640
032748
019447
011359
100390
001504
056258
088356
092055
118659
014748
030324
105314
000955
092674
047291
095386
050503
072176
035210
037722
119837
071298
041784
032765
052897
033894
058672
088802
021440
096696
087421
068149
021942
074745
064628
079007
087572
044415
059531
044199
092905
020803
013408
030891
052816
035598
029868
055985
022258
019288
100651
081931
079185
071816
076440
093614
050743
071447
028451
079109
094797
062172
020636
103953
078718
022919
020438
059152
028609
044182
103992
025026
080929
104362
031836
032599
023700
112780
051967
075969
066698
084516
071532
062612
014111
063082
094567
117711
101926
044838
052317
057752
103004
058773
115290
019100
084919
082189
083404
116002
037230
089485
018506
109417
021551
065532
077434
079123
033484
099300
036089
115474
083501
054138
009105
115913
111547
009811
065628
064495
066431
014058
013328
018034
085516
031093
087875
106492
054738
044220
112376
017526
081599
101328
027344
103513
068266
070321
111960
106906
032646
052237
111108
064945
103570
021702
038749
095010
053062
022379
040900
112140
011624
010698
078333
018307
053340
043518
118384
037161
045554
110410
056081
120531
061518
070715
115197
032227
048023
111319
071011
052924
013094
116212
033920
069274
096391
097319
020817
118913
018990
062665
076360
113352
095368
068606
028636
091581
108185
082206
037375
012338
081081
101273
057703
010638
065533
043121
091962
007309
007161
095177
025829
112982
109602
074153
087268
056967
076984
041076
030608
026873
003546
095364
012797
105586
068288
119517
016288
045747
037894
040695
043634
059367
059184
039064
036343
083038
113461
099239
028925
081728
019054
011611
115295
043030
080907
110492
045104
090113
030992
104002
103145
023047
040811
029188
117351
054311
080399
049564
058444
000371
011169
041075
003178
110718
110369
011251
073573
115844
029282
088525
003541
066365
008771
103699
045268
072813
107565
012578
008427
035311
041164
056140
076207
057621
107160
091911
114104
103202
001532
088201
085764
003978
033832
083724
091848
001238
100547
075393
104454
031086
067166
111950
003212
111176
042110
091627
119811
053721
065112
077862
008931
032240
035487
009012
110823
115136
045192
082235
096282
063994
064236
038047
089018
034236
044868
026103
031554
092142
081533
092049
088179
090706
113381
016620
002285
010599
042983
087206
070506
072721
074514
064695
025206
087992
102400
022964
098470
113271
033124
029012
040305
065476
030568
023054
008478
035358
091644
101639
027689
060894
109678
101031
088459
076957
030418
048489
013320
052203
046940
102027
014019
091444
073773
049278
058417
002170
083430
057744
095072
087639
008495
005343
048940
005863
020810
019358
042117
031009
071147
082145
001898
085240
100135
110575
103473
028411
063493
100311
023939
045321
055257
064082
009081
044352
054387
090984
079223
018278
002567
115689
014529
120103
049686
042511
039819
053560
042070
062273
099577
096624
017672
026747
064592
006430
115912
025544
059201
006928
004136
107362
030934
039094
073825
081264
019293
087499
047185
085483
070818
075061
014763
008431
002319
100796
098602
095183
051952
052682
053039
103946
060802
110747
104911
019897
067662
094529
066250
106581
085217
098106
045040
016471
070183
025411
030884
023680
039419
089133
036918
065187
012132
018414
117020
043482
111856
116216
049806
088136
107174
075024
009648
099487
055771
016608
003293
092616
041219
009581
048634
066974
043141
043546
095722
005406
012819
063386
084289
101028
029227
098944
029672
054950
097968
039067
119648
055152
049740
007312
005867
103450
099255
119202
048445
068616
007413
026338
081116
068702
095861
113144
079942
041823
090027
104933
088930
055940
063719
021936
096680
051343
079842
072261
007867
007782
030467
090431
063127
020627
080266
060786
078962
095107
089851
074747
024663
113921
093827
114357
010910
118679
107636
061667
103679
055121
093236
042187
067101
114407
053194
087323
003949
074469
059357
101355
087672
047914
026490
043036
026493
051314
064782
037750
022338
072244
084162
048396
011112
110202
101238
116795
107225
077357
064656
072929
008292
088720
112823
104771
038936
051213
096283
054841
004000
014245
019655
009465
049643
010464
035228
011437
107734
114815
113116
058305
044567
039994
003190
066124
017274
114670
000277
044650
059080
044027
082460
106975
029601
044303
061430
103436
098768
115702
044359
012303
054694
076282
007443
088222
105280
108553
094125
032983
092138
030204
062934
088823
048317
110146
008530
087844
092835
027201
067900
014786
064163
037508
042009
097961
108398
013650
083985
066239
086610
004815
017208
050908
076148
108302
092636
099669
026196
099534
043260
105612
080111
029661
098994
053656
024264
090921
065838
110379
085545
014517
019043
082407
037374
013441
114042
040287
075587
100888
109877
089134
042170
026793
112948
043175
103560
105384
001138
094823
042686
068763
061438
107471
078195
092307
011107
081897
097654
048125
033070
113610
072000
006942
008207
038977
012534
115203
075481
100656
114695
007699
072869
092757
095975
070992
071721
046010
113095
045018
099100
104794
111543
049919
015511
098799
032122
072211
034169
088157
006103
102388
001328
063815
014396
058432
045667
037814
030113
104610
018860
048467
047953
070454
085995
069961
109710
017165
098194
048217
114628
105469
034113
063894
007803
045433
077660
098050
092291
100002
035850
099716
100707
005862
043865
104389
035275
050325
016331
060048
098428
056100
041954
078203
053441
094417
120182
024946
041345
061780
008039
084374
017682
010995
036354
046664
087829
005633
074051
017131
094692
113016
019966
019070
119572
046694
119592
012619
049898
040372
040959
077740
000595
043076
009317
051135
092194
103628
001221
060738
088737
043098
118907
018303
031068
072919
062335
035953
038920
083503
055616
010550
115612
013697
114505
100654
106765
021735
059955
002479
021905
119404
077020
056317
015778
030914
000440
080959
100233
106306
030061
031755
084461
080947
016250
109312
064844
045366
027922
113989
119711
038077
010183
069624
118071
084310
041820
080013
053444
055946
070112
082518
048159
111564
096236
112335
022779
054719
056120
091660
025947
104855
002037
044337
074302
071260
051915
018768
048378
094850
092154
099178
014402
053723
046158
059139
103274
008871
094602
033939
038986
086801
032505
110100
041587
070241
033860
014530
091109
099496
016561
078262
039997
113246
071591
110375
035335
098905
054982
064729
047641
096805
079092
101235
011590
111562
082606
091955
069563
081325
118464
068536
088518
010014
008789
069527
114471
075788
035106
014670
040453
050729
071507
112011
059053
103015
102518
002197
019863
032920
046370
043031
116088
070055
099420
039129
008822
111637
088878
060661
027507
013053
078171
086138
019396
041671
006575
073731
045758
100103
024554
007200
000733
022274
025465
045788
059582
005225
000110
054943
049576
093469
037097
015332
100753
087466
120098
108729
027351
039589
091490
065924
018353
082480
119123
036099
033123
087919
110740
102203
047528
071531
011121
081328
104105
095248
065572
055084
024848
119111
023088
089189
002576
050323
064109
026258
047777
076473
031178
031889
041410
092063
077809
088750
116435
004750
052586
103389
017213
001420
075192
004405
040921
036311
077268
030756
081073
091070
083074
014126
095692
069553
095542
046804
010300
044899
063218
113922
002663
092240
107704
085378
093888
071896
070813
006466
043328
109736
054259
053310
014187
007107
003953
009061
002477
047141
091207
034086
043689
030739
079012
109044
020382
030789
109826
105286
031840
077851
076580
060476
009769
011579
011890
091260
045399
027868
090539
028160
041498
044176
014141
013951
007682
114860
107392
053508
011512
116094
053659
069243
031734
019425
075749
072271
037242
002742
115064
015600
062826
073543
037692
043071
086996
023499
007858
048977
113886
058939
044009
110595
008514
109662
045041
054775
104948
071236
091416
013783
059641
074770
104517
093298
003290
109226
118556
080218
035731
070912
098259
092217
060222
090739
091831
060281
010884
069305
001457
041131
041360
040348
000614
085046
079160
103477
037206
067136
025398
113310
087554
103065
080942
099671
036305
067130
056101
008297
115016
039315
064197
050512
071174
098075
003197
091222
052768
055288
055105
095636
096191
069767
053033
007701
007907
038148
026563
100863
032878
030869
083243
001416
032691
083154
064872
086364
028800
055684
114423
018151
110048
024755
062417
073789
097877
051918
111810
014287
068739
106016
023098
005327
034837
029418
073089
049752
118803
000635
035265
006468
023251
065037
102272
043427
027247
006191
077980
037647
060006
042518
028935
003418
107415
033823
035618
072492
080597
022699
092701
079332
061561
105761
085892
070063
103706
003368
075736
000260
027980
108799
002463
103814
074346
103060
064264
011856
088561
061512
117236
052278
096698
010304
070842
043090
084392
069884
040672
104772
091003
067527
062806
012285
068902
087058
003001
013021
099820
095620
058096
115247
005215
022882
021823
039003
037030
073060
105302
051643
041275
022887
044697
055322
050880
049310
009702
001518
009217
114619
084524
119264
077658
080995
020232
021846
029370
064539
071207
035445
004551
112848
083283
097465
016354
077874
111889
058346
024027
002304
022435
056220
085038
042691
095161
120063
011355
120187
058890
095314
011696
118299
015856
012119
016476
043016
023336
090772
005010
064750
064759
031703
103097
059312
083891
027337
044814
005330
104009
108463
040396
099956
057610
097105
112791
029652
066186
035855
030070
027643
093733
021417
040808
021552
028586
069514
007565
086357
020313
019014
039039
032739
030348
012981
001213
115718
071567
105424
095994
031978
007448
059210
051883
073410
007878
085125
047025
006905
016753
011057
081207
009631
069188
009861
022943
002748
111129
019735
082534
100470
049158
070287
021648
063779
025522
043164
010809
111719
066899
041855
037885
024742
065305
041165
068566
067208
037406
021731
063027
110090
017410
083333
036820
077840
027623
078876
076498
067481
029338
102341
019977
060319
060349
028140
110755
078147
022697
010253
059699
096052
101204
082398
006547
020427
015376
034549
030117
039929
112716
109815
020834
079851
093593
065212
084628
096964
079634
087941
072683
008947
067215
054152
030084
010013
062198
010250
085118
061334
099037
040770
092764
019558
106103
013573
033474
086560
115359
000408
025025
051892
026294
034866
099458
074084
047028
087610
019736
011464
113120
065689
070851
094178
085037
063267
041316
007221
113815
100880
103376
105221
081547
092625
011920
006025
081380
039012
000213
073802
082531
083678
007710
030846
007891
060310
090242
091276
004809
108159
084466
046459
043541
087865
069445
085777
002499
059492
080802
119620
024889
023940
095046
000850
068764
068393
073853
007609
078491
038940
089349
017396
078762
041332
053913
087317
082554
118532
035236
001321
052772
098247
020261
042962
071757
107109
107071
028728
052563
021097
105603
102819
102211
106831
057614
006362
110121
006519
031600
082954
083916
084140
039751
104908
093513
021578
040888
034217
039604
075684
090051
037025
099527
024140
013563
046964
041973
063444
066957
099066
107481
118214
043870
009233
075074
009959
114098
000989
046613
024347
031979
060769
085546
075752
115609
082010
040149
089246
040574
116360
011224
078547
005872
047617
063051
033664
106962
015245
017786
067474
031897
059412
022455
084615
069663
070799
098763
029985
027785
014198
010727
110929
096325
072419
108683
063802
035242
063482
021336
017593
068824
093271
007794
045858
044353
105471
020331
105105
070770
071823
068106
078179
043905
059305
048691
002020
057464
094323
046512
014826
013304
068177
013682
018369
081113
004315
095241
031481
025313
085129
023640
064204
000874
036117
049368
067708
098322
008371
078267
080515
104887
068987
035955
102987
096846
090463
062074
080391
035794
094604
098489
099710
114276
112892
049587
038778
026637
057167
095005
066119
053561
066941
077501
077727
029286
051964
015918
019178
103839
062236
007182
095992
066495
080134
035866
004730
106008
074495
036932
061875
024412
088313
024754
095521
015982
005840
117458
001492
118698
077400
075295
071860
017809
073790
058638
031294
050744
027899
089604
060533
009327
080642
090537
018642
082359
089522
105842
042590
045161
009709
089652
008778
008049
047310
081026
099901
049248
084406
094962
050581
051079
059618
060795
074536
089262
100957
052273
016033
072139
070134
062066
095773
103515
049833
089249
047790
091269
112660
116980
095219
001234
020378
006511
058533
116220
062106
113071
007404
095891
096908
033577
063954
071932
020451
032116
085844
057540
091594
050921
012205
094435
086249
036255
002893
079329
052668
015463
070690
003450
069791
071899
015064
019454
047024
000326
028961
100602
009850
098175
111402
038352
009059
086042
000509
060522
070672
048912
052052
096120
023109
024712
087017
049996
041719
058963
050369
034033
030185
039744
058605
108781
041132
058003
076875
064090
036240
107365
038198
072051
016936
111427
065760
099168
081130
071702
002383
038483
075794
051392
118026
047276
024217
014310
060637
048249
117034
076197
046382
008887
023559
105169
059277
098644
079926
064928
002318
032400
005465
080546
022954
025215
079217
057118
119543
094440
018508
054692
097636
113941
029899
056761
017497
101790
095187
111967
060215
038698
038033
004278
029463
055456
079710
059619
094878
086919
066654
019437
005248
059859
021786
027803
049766
116180
027691
117947
066404
092558
080814
020707
014266
092074
046432
064766
038777
069528
107033
071871
036105
023363
014441
083966
046970
011372
092009
044010
028986
120005
052432
065919
046331
008875
054793
003645
038946
054686
090976
082167
073213
020691
055163
013325
063643
091075
052331
082177
089717
038173
026320
101651
119070
037560
026272
053585
010065
022361
110544
028144
115065
034462
108915
088768
090650
034078
036472
038828
041065
105356
002535
069701
024592
084950
093877
000085
072861
110119
029548
085509
114672
094203
109833
075407
031354
114657
085228
017471
095591
117873
067679
107809
102924
087592
095602
016125
015439
082067
018059
075297
018645
100541
112484
046163
064025
028195
114877
105602
068959
019829
113305
003988
033513
013749
093711
009277
026014
081883
113501
097313
084124
086664
030618
003436
104582
074180
019409
052297
077347
110469
022558
012616
060440
077552
003279
012439
031996
043880
070879
101626
118768
014979
029717
120336
101602
014521
021477
089219
065502
010756
096489
008648
103658
102012
054497
085862
025922
042887
031824
055453
114257
098346
035886
101183
106709
047159
046009
039958
065330
029434
112851
024986
047562
042785
019872
051945
056676
062893
005652
045116
082042
042128
009187
019024
000845
026594
080595
092185
071948
047030
026900
075543
092284
074065
080400
031020
109481
112712
015585
051618
050545
091805
113131
010424
012420
070118
120568
097990
102407
013568
020618
092976
024521
120542
063075
037550
068990
109741
030111
108689
009968
005758
046401
119025
007311
059425
023335
025726
114127
023131
102251
037377
026188
048826
014996
067964
069736
038848
119723
015696
010606
099039
068045
065389
003336
115256
033065
033517
074638
106279
032275
091425
119431
049570
021436
013477
059813
027948
003168
118279
031413
075017
019033
000347
076877
039797
096536
019900
049411
116931
101721
095650
024903
039311
044759
009479
030036
087769
037592
066047
046216
112153
016383
119401
012980
079574
011281
006442
109277
043151
059101
084180
076965
091258
070858
022582
012594
094418
090180
083114
100174
101187
007783
078518
112951
091818
056270
109917
016233
107433
041151
091020
061262
064981
006051
001439
107380
070969
035835
111861
043500
079943
111270
068211
030569
016486
028148
091800
021500
024630
025198
101119
111123
080348
108114
103233
037479
052257
090681
071482
040773
030228
036672
110156
033820
004529
018668
022690
077306
050598
074341
028729
034156
043508
108901
039023
058697
080612
043106
000508
046903
117566
002042
109966
031022
085847
051054
072955
036460
109828
015861
015808
084079
098297
006039
001293
017456
094062
087954
118630
014084
009452
043685
024146
078264
081934
096761
070280
010466
025893
114338
054085
055792
067104
009805
063002
029442
089891
044284
106843
115274
050610
026487
096247
089365
041453
054963
052923
096728
098091
076885
080370
118501
036381
082683
054467
108570
044368
100676
006763
092280
037245
106039
023014
067486
043113
061733
119162
081900
070859
077463
004658
040036
000430
105924
005922
055466
081247
077914
120618
012487
091512
086198
044089
054616
106736
036781
119594
046208
078907
089539
060307
054075
079281
046234
016818
113863
015641
045539
094325
101794
068710
068881
117246
056015
099745
041203
106987
099238
026713
115776
051539
018898
092762
028981
026465
057091
029313
017719
051492
019401
052857
000048
086536
090941
118759
050527
001051
072358
097394
100545
103109
066705
101023
115080
019443
092176
116927
066533
091320
022515
094664
030833
118023
118510
052096
017832
031975
113405
073795
004881
099969
100202
003029
059761
049888
078189
029907
055388
019338
109285
064727
011479
016552
033200
058126
047034
000683
047369
040145
028765
014609
086928
067981
043288
097085
064853
111374
011576
007999
003632
074371
033482
091613
037223
107713
045110
066449
066219
035902
090908
010069
044403
111561
043676
101487
040864
081996
042063
054440
077482
103255
067976
069441
084492
000900
014063
012826
110227
071993
097131
099384
033882
112857
082431
085581
011105
083345
076008
092006
008739
116702
062393
079569
067591
000718
117268
102725
111255
056203
078815
078636
093763
073128
089183
012229
019061
027743
058492
049634
095677
070179
000179
075288
080592
026390
079843
003179
014585
083198
089713
034669
100394
057736
085978
093350
007601
090477
096760
025659
065845
042142
083829
046245
026472
082392
113012
119087
086207
000389
008855
113443
015057
046829
119498
060712
006247
108681
043691
030379
113876
074454
083568
053926
117394
034973
070230
085006
116092
111400
101625
093767
068394
041031
038715
068085
048204
032410
001455
066587
084880
004518
000886
057323
112567
078099
003954
090610
029484
073245
118950
066104
050118
052763
035371
074235
044616
089429
018193
096467
061890
045271
107157
067987
020847
117524
077115
078787
111829
111698
076239
000353
090947
019398
071731
022886
066971
048740
038794
061168
044198
093541
054998
085205
018750
056226
048526
064167
009644
049980
086404
044039
043536
006050
000695
094213
114451
029267
084870
055415
078542
085705
082208
111045
068488
017634
096327
014873
020212
099630
099107
120593
059175
029329
083515
051235
106768
107177
013344
027790
000518
080125
016406
007071
093411
026029
068242
008918
033746
042997
067547
046890
055913
012842
101322
048116
107018
007490
095609
045687
062238
117459
059917
099887
023813
055550
075808
051149
024921
118531
119809
034221
070503
095462
105107
054864
100511
061782
080869
024065
071257
070619
087234
010839
048268
002193
093819
080805
097271
067413
015894
050714
023360
034200
119559
040677
033968
021669
010246
047568
051388
050198
052794
055623
086994
088390
081296
086661
069575
096022
105081
057590
035110
090253
084258
002096
063827
046871
030660
077996
004364
000152
046106
107746
003686
079039
084956
106540
008007
099417
036719
045581
027383
030276
099064
089896
066836
056361
049447
063420
098084
052700
050043
002490
032300
089425
021142
038425
106946
090450
097564
066606
004630
011345
107685
023075
101291
013147
093123
037169
101593
075682
031182
064431
110471
020637
026365
008563
092593
007121
110437
076982
071641
024175
019268
082226
008642
017350
054103
107241
063389
024143
011827
021988
081819
035090
016769
048700
042671
059420
098066
076674
094569
038744
019316
105465
044556
054737
053933
039814
014893
074809
072043
101483
003873
074952
010190
079061
031271
043297
054860
022652
028385
037276
099949
011548
034426
065630
048707
034436
020597
097007
012209
120561
009776
046276
055751
036416
070157
061081
084690
074254
114290
094152
049140
055164
002128
069794
054485
056330
112180
044971
071891
034003
093482
057569
083727
092862
049937
006735
071873
098012
000793
021916
070696
027206
071137
062807
002738
117797
115890
120429
065847
050825
003649
106182
102128
027575
010694
074280
078877
070273
043245
022045
038398
092990
051048
009637
014081
037429
002442
050708
081131
066299
009323
018162
108626
012991
070260
105132
086680
012805
020339
011351
072756
043766
086318
098575
091578
068072
066410
037156
089570
041181
036879
112977
049007
072710
049034
098993
030745
079087
115507
072389
027787
004925
007421
072507
093858
052968
074990
083523
050837
031618
117451
008001
025633
007047
062454
074840
061310
105454
088834
084084
038999
060724
107058
097420
033196
081374
026321
052796
112261
101399
084171
062698
052316
015630
040889
015667
018089
007659
063113
071202
077886
083482
006912
112937
119403
066154
001774
033546
118345
028410
080466
092232
026000
022212
094494
084653
016859
049677
109036
006898
034531
104939
007958
096933
094142
007148
080430
040296
043649
010280
032583
081906
056218
071525
006439
073608
056374
004583
114075
066175
061422
050493
086559
073488
119952
056221
082673
009415
005821
010477
021018
071021
096500
103072
086709
101808
040126
052616
115498
031579
088153
111731
060710
108385
047880
060679
118168
102112
116439
015203
029476
019871
026195
059114
077356
001610
107996
064931
020453
078094
101174
044425
098558
019679
111598
038298
046737
109607
011646
045750
113818
037509
013392
029791
073074
112736
056993
030716
042929
043806
045618
007952
089505
000884
028376
055891
102594
031431
016259
081782
110553
113565
000074
058871
026434
120028
116488
037045
021425
021088
068712
055818
079768
064172
035375
071268
023429
081392
064796
108095
089109
044659
098270
099963
069948
113874
004909
105267
018734
051694
076435
107345
066270
095706
010962
030309
092394
108797
016627
008070
021075
086973
041113
111157
092094
063584
114053
065622
054307
058791
039459
019656
105766
117002
057276
094641
018549
029187
048565
065024
096985
087176
100110
055487
084726
079412
015491
056463
071671
028964
103185
074707
111022
037991
043610
068828
086939
109319
014049
050578
017669
074038
110598
013886
021196
033931
017114
032891
015033
049189
028972
028442
014829
068698
086119
096891
118256
034493
080197
011679
001649
105246
049746
098323
045236
008408
070149
073680
007052
042582
030189
104620
005386
069515
035786
057788
115355
052986
067366
040909
107552
049893
026812
058191
007932
052007
031177
054542
085479
004499
067437
112788
117790
079282
074972
078693
015036
111232
051429
081511
036748
008521
107284
038892
070873
017026
104108
105287
114542
088894
101846
084513
031971
103674
088182
112427
107276
018329
016698
024167
054745
026579
017987
039078
085598
107119
024378
024509
050094
012309
083684
117271
085065
101387
012435
038004
005046
091131
053469
100167
044727
040487
094611
044510
034492
100098
002915
112381
002160
067299
118822
026476
103865
055650
004698
118413
058633
034267
065211
000699
115809
081975
063763
103359
060354
053354
007397
066267
063970
055927
069317
106349
002067
000934
098125
095295
068388
037263
034068
030904
117730
090522
028959
031405
096336
018877
090661
022241
066463
063079
112131
069267
005030
026027
004866
019592
026602
115204
104138
017765
091053
074018
079834
005374
016498
080102
011267
113611
094944
081043
028029
021496
114533
026681
065444
082517
003509
112907
020826
114667
108622
015578
116638
000008
097888
000611
054535
042237
059089
098014
035714
117368
113495
101332
049932
001601
094973
055042
029746
094204
005800
109853
030344
074577
050473
107080
105934
089754
090636
013498
008384
035839
057026
092874
062912
010339
059666
032817
011313
010635
090994
036855
058972
028645
003733
084272
021228
073369
103363
083474
079958
111653
007072
097650
052630
076907
074605
077667
049970
032454
119380
060347
040000
025946
063712
018900
077510
048228
017724
024915
095212
106410
010680
058634
091422
076424
094458
068311
082739
081305
117847
064565
004801
091056
101900
111603
012198
118430
117624
106335
097245
042856
001147
087763
105429
019903
067140
112753
086037
066531
035393
071122
099329
103750
020222
035115
119269
060510
106774
068948
003413
038490
097682
008500
096786
108229
042395
000613
079144
102392
055962
002025
024834
049724
038025
016118
092243
098192
035924
061838
108182
002031
039972
115644
011412
056724
038254
070028
043448
030995
040191
019917
051078
083280
030058
018208
019779
100425
025481
110305
016525
028254
065920
061428
104356
029968
067925
107495
056800
023822
059206
097953
079645
072592
089687
100029
118128
002849
110002
065078
000237
038470
041755
076279
040827
055919
112176
075627
028152
096841
041386
028334
019488
062065
110267
002525
096691
030399
075670
021888
002202
107336
088940
002656
113043
012428
063837
018472
108442
086009
104552
105395
007743
003627
053499
083517
077963
007104
024817
111141
054944
006369
062225
032214
036144
119980
058989
021677
106449
036295
019607
057592
072513
070520
074184
046764
050315
007578
023730
093226
096665
115963
017836
035126
011662
079042
091301
085987
107944
112305
042708
106147
009977
106859
111559
041737
071132
035179
010199
111420
011296
083661
060096
098210
041835
055306
051376
105034
060816
089023
083354
090186
106889
035174
070564
009529
077230
066378
008713
102782
109404
072285
080287
104255
041158
001817
029040
093698
083148
005033
064812
014907
072482
078208
112032
013119
064417
061709
001568
056533
112659
060168
095283
084604
068406
008045
055075
047052
087247
102743
038250
029624
065849
112723
061316
010162
016531
063484
040322
072874
078335
016734
000435
055783
039699
001988
029864
026697
008177
065706
012412
093073
077068
042849
044085
076291
104499
000836
077264
009018
072820
087356
050557
030415
001813
109028
107403
090057
024901
060864
094012
079374
063471
084060
019958
104900
111693
065407
022909
072536
093291
107064
061372
005941
008460
011276
037028
020640
018885
107518
018515
080853
051864
076688
011022
006425
029686
089330
113150
104359
087100
003577
086218
030446
057882
033538
039317
075896
113977
035085
015399
021795
000453
098769
008256
094816
070716
088166
101852
001935
074045
095684
041139
000495
067298
101375
094042
018628
108203
100280
005265
060845
038545
050953
108495
012588
084522
014821
065029
114385
001866
021862
116526
112391
066290
070608
040110
055031
102086
116411
023386
041879
080259
079156
018116
084123
099327
023281
048645
017310
054475
082459
022543
104251
003393
004993
071638
044272
104646
088807
021126
071342
061500
089769
070666
008174
035608
034247
022831
094225
066441
006961
041861
022996
012143
004215
026569
070254
000183
053748
101748
050077
016906
015845
092750
003705
004878
064814
069086
074986
014715
028558
040231
081568
065180
051463
031397
060698
088701
119095
087740
050613
075071
092082
046875
014993
001924
017792
056962
016673
095770
035859
102788
068321
059495
080061
114646
038001
051522
051852
008298
076562
057679
020465
093401
094154
106423
120418
071875
006846
037128
100498
005943
020775
030697
082521
090036
022022
050260
069694
040501
088018
084613
071934
092954
064332
054927
008562
114425
068061
057077
047798
107868
072146
022734
097976
022021
118870
090259
043633
046270
021014
020127
005510
010421
061170
003526
025073
046019
108205
063096
049408
025677
068329
107589
037630
009072
076061
022822
002482
047283
058358
021718
078558
003974
089415
001233
035455
052519
027919
034103
058273
056386
113033
038497
058879
110665
078050
091483
077428
096097
035318
014642
072634
071030
095254
026220
020749
117868
041037
061521
033851
050723
118088
043415
047609
095197
015358
088988
106131
099305
098935
105410
033880
021945
008133
113014
015419
001962
091446
019199
027032
110238
026651
041982
075625
042926
116453
043429
005341
099104
006120
107665
082937
019373
084092
099123
108549
069152
052552
031337
030804
041056
016811
108339
080003
018319
026011
090695
077367
043034
088496
037042
114107
082280
108233
013826
075658
050316
022990
018656
014616
098863
068167
022464
103294
032126
072431
052326
094636
115490
038862
078768
044470
105332
009082
105807
095882
077361
049804
054166
021770
017631
092884
005900
097596
012546
110127
109934
027950
042820
084336
105063
078466
106397
087974
028241
069159
007610
084544
056783
094565
018863
024827
087404
003017
006728
113370
033445
098076
052408
087509
092468
061474
091349
082976
068778
015722
044090
104974
104384
115079
067334
116978
118930
113834
050739
020413
086688
020065
026285
095082
028754
002344
066205
053878
062455
057583
064319
116681
036553
070550
015425
006888
034670
013310
014711
074132
103058
115743
048743
101908
106291
062709
111512
080188
003188
064541
098626
024230
079765
086296
036606
087357
015124
097492
104955
008269
096921
002918
070998
082816
038577
022753
018349
098983
003878
085691
110961
068744
042382
099008
037384
107718
062877
042603
079876
043114
082563
029520
020647
098089
016816
058257
019500
078565
120465
042462
105801
088871
105067
082274
014329
056376
109924
098533
020774
007278
008963
073993
054613
016066
097673
053876
107129
066926
011042
059511
007888
091335
113561
101739
006641
051384
115553
097737
033636
087236
105456
057359
028963
091043
048925
068840
024047
048112
102711
064284
010422
076920
059148
064668
005452
075247
087393
027817
011166
052397
075322
081749
057054
087607
097640
002807
016385
032889
060837
045326
017464
119863
108460
054959
000567
054981
000738
004493
093453
048720
013617
118061
086712
034153
062118
006431
082303
037071
103828
053664
029163
109153
079877
113640
020538
105240
055310
079595
067871
084455
112797
068916
055816
050289
012178
093597
061755
104143
117356
068693
055872
015412
065947
082675
094891
106970
012264
063239
009536
092984
051914
050530
081322
116728
111041
113470
002122
011317
100808
055758
074179
071168
090943
107656
070576
092935
020231
089968
019755
079873
013913
044389
057830
022579
120153
064990
077771
071907
006149
047845
113742
089147
004943
048978
015951
072048
059559
022114
017322
003340
005347
018130
005071
106389
080778
028310
002281
074173
001648
088040
112172
107066
098617
083737
105973
048329
072014
093209
056519
021577
092129
104657
039390
115191
083550
029080
022674
059536
040297
088477
036159
031154
047781
016943
094399
050155
021610
099117
109454
074643
016767
044643
079530
072850
100028
065244
013830
110110
024398
051787
117952
075651
032319
000903
013032
000746
057039
031238
106873
026193
110433
102191
072702
106080
095821
037415
079594
070140
084756
087167
104638
032699
061114
022606
006151
032909
012879
086998
078462
099284
055906
006719
098835
006913
103177
004941
104220
074754
023675
058713
008053
070405
111134
024302
052669
051494
039100
111025
108151
039179
020064
081201
072223
116401
072500
027079
002317
107049
077355
004511
107321
115598
045184
002065
107501
012352
002594
078645
120420
066994
111779
031012
096678
017351
119440
113602
057616
061054
114248
042061
078039
035751
077696
069543
094909
033778
041149
113079
020802
038297
048426
026053
019201
009026
028339
074869
033954
108821
047202
026230
016411
053436
021644
076637
091842
120159
098583
007513
078144
097144
069903
092246
096218
042863
057146
023720
015902
047567
031227
085863
048054
053905
096461
010379
002212
072068
056095
024638
049058
079870
118162
092854
030517
117883
045394
116119
077937
115173
088844
000627
005727
011165
017930
051199
058187
029204
104437
021711
017013
030409
100683
024361
012192
017076
084867
052433
046765
030613
054376
116277
050026
051506
023948
031580
105953
079419
063960
073258
088522
045031
091476
094369
003782
044944
111665
007694
086052
109772
067309
096584
094813
055571
052069
109218
110821
070120
039707
067544
048074
084401
096047
044736
055585
061220
036892
056464
104287
018853
035133
063704
033061
055842
015172
032166
004068
085864
018202
043754
089850
021452
085626
061124
109561
107850
000904
048291
049870
035499
075905
091746
043687
085350
082202
070442
057288
108180
024232
067848
070777
055332
002266
026001
074875
108996
116528
061658
005332
118411
091466
026751
056396
113004
111471
018574
024300
004861
065396
044874
027737
089721
012952
050386
082607
063781
044417
053006
080886
006271
035890
109982
055351
077078
041866
078858
001954
061142
075839
023633
052489
030115
048090
047124
112718
042456
011869
030800
000573
015952
076465
055728
055580
085538
011912
076100
098397
049473
117980
051000
115549
087536
015489
033923
057807
103626
021302
030952
014540
003852
068580
062738
096037
092997
072439
093781
077642
018654
069416
050851
087890
110344
054911
027430
029478
078180
082242
101374
087069
000005
091695
080058
049555
102879
103940
095721
092482
008318
032864
024350
063040
097896
018918
038900
086789
008201
098607
108541
089546
012557
095443
055132
030093
045088
002866
035503
092588
004390
035016
106548
044869
052832
080374
002474
007096
077625
002888
067447
048497
049159
052604
109038
085286
012591
105516
041583
066629
101336
014799
050611
077752
092797
108366
012553
094372
006675
002242
062732
064918
029115
062798
035260
052411
028633
043461
081216
092400
117444
103568
099484
113758
076572
105651
068268
070332
011253
016964
006568
098088
020329
009681
099004
088636
106190
035142
061642
114984
075013
026818
113038
046878
012110
011423
119905
025937
103404
077184
120019
077531
010003
066400
056034
084141
051637
082038
063045
042473
026784
073553
067915
037011
011558
015911
082054
021509
005192
029277
026469
035965
042260
061777
094784
069261
060621
113903
052654
081002
087853
029578
115560
106189
099797
064285
031449
083237
067912
101577
028068
087521
051559
034504
011522
082378
050954
059300
069102
084279
061955
004544
107949
018004
105496
000593
014604
054684
040942
014291
064806
057034
103171
068919
082013
042114
003114
062959
007879
026440
106490
001719
049669
080164
112392
045524
078653
066155
007189
012356
038718
107432
059797
027465
095583
103197
021815
082267
016131
112830
109263
075596
077451
077764
005222
105018
063442
117067
040663
060501
093202
092005
108221
063503
008042
011598
037902
062776
064649
035163
120158
022757
069946
061806
014543
008273
117235
027355
013056
119983
070252
009456
083483
017795
091211
053457
096242
000907
073502
104328
085137
115310
113735
058072
104092
056739
037522
002265
088611
082473
043262
073898
005395
102029
113905
006827
094297
055785
024523
119979
112165
071263
057552
076150
053124
101134
118626
065794
011332
017931
044315
084031
001695
057143
062407
102192
033822
035185
065865
094053
070066
007393
117030
076086
042231
076281
090052
035517
038880
002815
018112
055903
058816
120214
083071
112634
037453
062930
057596
111079
114457
048972
012868
023844
029211
004768
117914
001750
058291
024974
000543
043974
083809
051576
096700
017089
064517
094520
040029
088514
069554
036291
013461
036485
094690
108394
061402
025653
000911
062014
038097
029996
006985
107559
106884
047290
100593
045436
050633
047463
001463
008362
011680
051123
007435
076403
038280
088640
048757
030137
031921
064227
084377
019926
090517
073503
085216
000628
089126
095624
041656
039093
105444
011988
084506
085706
103755
092758
035175
063123
031864
008340
070471
017357
118734
033261
012933
087717
085946
053174
090620
041796
082568
017733
014262
075305
060250
049623
042705
113710
016832
000887
077164
084288
089327
104415
037865
072691
094033
038008
012708
018871
010646
089062
016389
059341
102492
035493
038420
113535
037111
012289
050295
065734
067854
080035
102712
029231
062356
014657
038464
080772
009247
002508
007876
038051
050216
059747
025243
078695
099521
102358
012300
063660
086368
084076
048876
103264
050453
052497
087055
034589
117164
102684
020996
041858
053628
087619
101329
114395
007517
106338
026168
033944
087033
012611
104973
055049
037612
067426
053313
072440
025636
106617
036308
025107
021670
045937
087063
092787
046229
107802
043941
011722
056730
024458
078517
113809
117105
006893
034845
021598
051608
108812
094158
019428
108219
031626
011914
076009
044946
097496
096102
070989
092228
082692
050203
018924
120053
058514
073071
065659
030499
097919
099481
011087
072532
104033
056257
106704
119834
092311
074219
066816
012593
019564
026071
032189
072490
047749
090624
003767
113290
086742
074406
050693
008540
101024
084964
052073
086866
059507
119039
013319
116658
049348
033130
091893
079239
066308
086201
022924
103040
100906
062973
041291
116395
095415
062847
087475
069479
086193
036480
106179
053613
022473
053602
069378
120168
101983
051387
113578
050990
041244
082991
036687
057634
098372
009839
021957
057883
106818
115862
011937
112460
019930
076131
107854
009419
022079
043221
052492
050893
001888
095335
000299
031961
089928
093414
092424
034513
057885
077593
032101
090162
083778
079673
072113
046897
002141
107424
100644
102738
071986
044186
098867
071128
045669
056566
100383
052417
111953
061799
064905
068463
005512
093203
082421
028041
103298
007500
044490
064416
028113
057334
098508
114278
102169
085165
066713
103846
047665
065123
038660
083555
045402
047734
059117
029957
100799
118934
106584
083323
119471
013765
047167
028897
060638
027029
009093
026500
116555
011582
095090
091988
032511
058498
026382
023703
119331
080540
088025
046059
042489
099083
047209
070037
006048
035912
069304
046497
040564
059279
057780
064929
091006
002897
063256
081387
082815
088617
070226
095703
058342
012463
045571
049033
090805
050397
029130
113947
019345
054722
022395
120061
082686
069043
035914
041197
087219
054688
083353
063875
027982
030913
065645
042561
096375
115594
120173
046165
013059
043715
075656
055721
015270
053722
118431
053683
071683
010661
079074
077828
043187
068874
070475
069469
117154
067723
111000
018169
017940
024495
093506
006664
113667
019630
000066
081466
108786
085019
064625
115882
039087
059658
003242
056040
109548
046223
086767
004221
116156
012902
011666
013128
019745
060423
048850
112435
119883
107981
041183
113065
065703
038336
012228
010346
099217
082389
063576
066963
010857
057553
029014
013941
015340
119133
076855
008586
045848
011915
047986
087188
057308
051166
089284
048629
095938
056020
106441
018395
112802
034304
044262
046487
046630
111513
092364
057237
022159
080716
112361
070537
088775
083932
069860
032431
088741
091803
071493
084495
006550
098995
072892
010275
065535
081319
098336
086474
094702
104312
079464
011034
009646
084039
074323
024255
074888
045717
083103
064537
041439
044340
117819
073456
008330
027231
050110
101513
076135
037441
101795
103022
114320
013744
056550
118902
119479
017012
074984
064233
060546
112284
000023
117306
029777
104576
066940
027881
112508
036203
086023
081732
020478
047948
046761
117828
027565
005398
082144
051844
094233
089575
001458
097176
079003
021921
107309
110458
088488
054462
092580
066384
092609
044147
012046
076814
115253
089599
065239
117669
110512
058039
102406
065249
087758
045152
090605
078747
000948
051905
032660
114387
024750
106596
085325
097253
106692
070403
009148
010055
017259
056587
059690
055739
115432
085005
061174
014100
040066
094235
021402
094729
051337
087707
001514
110912
004062
089764
014669
043061
041886
025127
008031
039421
045197
049224
017993
012595
028783
043357
026385
119918
089783
061501
038836
007632
094570
032530
083427
035348
087557
031064
106204
059051
001740
047703
077095
069375
084108
046669
050317
110279
031999
100579
115421
080203
103066
076339
023066
004475
032266
077124
103980
029091
040358
101090
040541
086174
044819
002750
038769
088227
099659
037078
011708
059216
020256
082812
084778
107819
019138
029106
019311
018823
105759
073648
108694
054501
031336
072762
021958
076944
089371
107227
118992
078337
064816
102200
111239
018248
107313
092353
104380
114305
069807
119193
060619
078338
085984
033091
110217
041644
100257
072165
020052
119023
084449
033312
041752
020154
020375
082690
094959
064948
015968
049512
080600
044298
047637
096101
022249
026189
056890
017003
092214
075312
076607
070346
094524
035907
077189
045069
115947
109953
085166
072140
080312
009318
071547
070355
033203
111627
090642
099608
024395
068039
073333
103250
085311
060094
052631
069158
114604
020477
058013
007434
090000
046125
082428
064100
109437
002146
049776
101541
051202
072951
068564
117844
087190
082871
040835
043894
022192
073025
098348
069660
083006
059571
047239
071439
059719
105150
056546
100333
115160
061840
085843
003874
028058
119901
062576
059720
103064
001967
022814
042216
078105
045865
116004
096187
025895
018299
074582
063893
089448
036191
104026
100659
115389
069827
047077
092114
033910
008788
077768
097234
052761
053362
084349
075382
005977
104241
067651
112765
077741
064785
021784
053299
050360
082627
023163
102038
019895
015054
054416
028179
109684
110503
047983
086523
046881
052027
115123
056744
069587
029682
020250
038686
091978
030746
024044
030053
106600
053595
102382
076844
025054
089335
068262
108526
060083
072286
112431
068901
116775
097364
088273
019241
009054
033286
011123
039150
107716
028850
116521
037619
085928
029043
025597
001456
111066
068832
032812
030687
010760
013041
078835
062008
074214
081334
059209
108710
042205
102834
054181
107255
018435
035231
032184
107585
066345
038204
038367
116447
113035
092950
081597
048256
015541
003039
071602
088903
051026
067008
021587
025196
059397
016061
087164
045876
053250
032323
046879
095610
067090
012073
065735
097681
051605
048511
034176
034279
104003
100688
118046
054596
014057
034820
035742
047201
050718
117670
099078
083175
033907
084959
059436
030236
097559
007793
056169
081839
079365
072643
105457
104442
080705
010881
078376
076582
101800
118192
099314
057442
028753
044419
009956
052670
011250
059629
045910
101515
068932
075785
089312
099917
053464
113591
044216
058892
005880
073688
073672
085099
033461
118890
084410
026686
107946
041746
096437
002396
088598
058541
097347
058244
032011
065151
072610
036176
076801
092072
012862
032156
047273
082312
078891
014130
100461
071877
013203
048319
103868
095996
115789
052197
048503
112260
098998
002095
076600
077182
054477
035112
052130
000114
026242
114049
052746
120455
020557
075628
086670
079179
021680
082222
098539
091115
031882
016162
031412
099094
020760
092339
102328
091877
072733
085975
050810
058281
031817
003748
059802
020035
076618
027188
034776
008992
102295
000051
095510
025346
013206
079017
029970
050487
015442
044783
103653
096279
007853
022561
103990
083083
067635
071092
064503
059871
051299
060835
081120
021872
038764
009273
078272
042508
063616
015181
037807
101868
019215
104801
054488
010245
006147
037542
051141
106867
032716
015298
019805
005812
064395
022869
029344
038997
066667
049867
046926
011323
080464
028294
050242
088039
049525
075931
045189
064888
111161
112171
018510
076444
042712
026984
065440
023388
070857
015367
014853
099051
038446
031752
004638
106922
090141
035828
025855
082933
118680
109083
103108
008820
055183
089622
025153
072879
027312
022184
080986
104335
071634
029419
105218
058303
048944
016749
024605
093484
096513
087422
067892
039856
006438
055321
081135
118174
084931
003325
023535
055276
114227
029382
070315
076274
108792
043333
025932
058522
064423
049229
076381
068292
083499
054770
117570
005210
102350
047364
070013
004731
105580
024373
097885
059147
066783
062267
109664
024696
003483
058397
019294
065799
050922
082782
063110
107620
008877
090314
043228
000571
109370
016507
050645
063377
112253
094156
063750
117672
089392
096030
010440
051414
106430
009636
001330
055247
091839
003745
006217
059834
039378
003176
065711
007008
036310
077284
090304
011801
023120
061968
076260
053017
049978
044331
077418
002602
006140
107292
009209
067284
008435
051445
017491
024067
106803
008974
091163
030971
069542
029132
070463
060839
088584
042256
002068
081258
075033
026704
088527
076203
110943
085239
065040
100446
098445
060882
067243
032276
084314
006371
077544
083646
006875
077453
003365
107648
027768
025204
096628
054167
038833
081596
110044
107974
016509
016387
021481
026921
087600
100324
019604
012753
015264
031760
019947
093408
037987
089024
081493
056516
087702
108796
052287
075120
094789
082613
113073
062997
082681
054362
038037
088817
086841
027117
049869
021748
106986
014706
059132
032649
081337
013385
006079
104316
055673
093656
021419
009094
036759
015250
115539
104652
116161
080784
107990
008720
050154
089591
038014
057021
059310
086526
053615
016890
103456
069953
022698
050361
040413
076563
087800
057472
027102
026481
023956
068660
077487
041081
002646
117802
115996
069241
063947
070354
065871
116409
041785
033407
059212
056684
101822
084013
065879
099131
080615
111320
004237
057082
022237
063877
053135
087860
032751
044866
080569
083458
009665
088311
028784
117204
102881
074028
097886
057764
106114
052575
063091
042524
022904
029522
087432
027550
028705
075956
100855
046473
021424
103438
053704
116425
107233
004577
079725
043781
012099
065639
066569
028404
079362
085328
069863
095688
032550
117209
102797
003155
052405
068049
108590
043135
030521
060454
110157
106006
096321
054862
034568
031941
076221
082513
004995
062336
014566
007415
012736
044324
017585
019077
007465
050367
062615
078067
102210
023323
098728
003305
071334
009938
093187
114440
004783
013160
001910
079046
021964
078654
011724
103538
008760
066277
060556
076700
079781
068574
056508
026082
092892
032664
094079
119222
086935
055254
040996
035138
101262
008208
051934
039631
060961
113575
048171
070743
034464
053493
071165
048921
099624
071789
013159
059864
006375
052919
009800
057604
025909
107130
089306
095774
089739
118379
048416
039967
118676
111798
068947
005895
112138
097651
119999
029065
096916
105093
100899
033083
083752
103913
025477
040270
091412
018438
018015
024867
005562
092982
094487
020895
032379
026533
047629
069289
014085
006770
114810
078545
016020
063768
016713
049700
011649
102922
055045
038273
096234
054890
115917
088008
073347
058155
098061
103113
062369
057876
083190
060207
069406
050354
106415
069908
065984
104681
064412
045235
059905
097353
023806
032647
002393
071710
067226
039622
115854
084307
118988
061620
067006
066212
080500
115040
068083
019723
013947
018411
033276
048277
083168
010332
013654
055925
069810
023198
000624
070368
034873
104687
105697
072031
036324
007529
055216
091922
093238
039066
088648
051105
003033
090448
056833
003298
055590
026368
018704
000774
015839
096591
102624
014798
111872
022657
068802
103373
038801
105071
056201
059076
024186
080437
097067
007564
010712
000175
105605
107474
070949
100777
042716
070372
079405
094775
065938
103803
016748
050104
001312
053066
007942
089710
029673
083456
023102
075325
040809
045997
098857
004888
013983
089187
097254
081633
106996
077559
112490
058468
094562
036914
072274
081428
003797
095723
048186
035428
069832
035006
108521
041910
102723
092181
018018
021146
083717
074192
039346
021626
027705
100115
098502
081604
055812
090995
042341
101691
025603
021096
061891
000898
087508
037642
070052
009291
105102
088162
093677
113048
111923
105577
063451
095787
015009
035195
087576
037988
012630
072628
109033
066747
103222
104685
022121
065958
096408
096147
004410
057041
107771
042323
096394
087547
027596
004444
058559
074777
070938
039240
013124
113068
048262
046428
076868
058353
044041
033248
040016
047855
103840
047588
062290
105560
051597
008279
111352
100982
022950
021630
006838
039857
102172
071070
097221
088932
033919
020486
088223
037182
058974
113593
049448
042384
028039
060884
049935
010679
029617
075260
093575
009027
024657
056229
059681
082253
047980
089460
029815
078978
030831
084236
096328
022953
101960
000307
120220
104805
028549
024727
096000
005585
102005
119408
003909
089113
063470
038596
053431
063915
078689
069084
119462
026877
017977
069938
110628
072897
079746
105435
041423
018895
029310
078670
067551
052319
018237
042064
112789
098657
043507
048786
049323
022901
113022
086870
058434
064069
047668
066696
019710
051449
019222
093355
002008
047875
007508
065103
026864
112117
013444
083522
069752
096618
021237
092221
008423
101143
080240
063677
089987
001708
039398
116547
048407
119657
054355
118089
090997
020440
058394
087173
017280
102136
036427
002589
120330
066106
045051
105256
095539
024152
064529
060291
001074
078485
111866
025942
090929
084090
107676
094383
061485
002794
112347
036755
005100
005014
057990
004837
034362
107640
089773
062647
094263
020280
076004
087653
040212
014489
070246
097310
028993
069512
079837
098843
045413
046994
106809
000953
096482
060545
056219
042870
042544
119752
118500
094669
056530
000680
064991
061259
049726
064959
033585
028060
057389
104630
001591
031954
066911
030385
103823
108417
101098
106004
029342
106855
085398
028562
120208
035780
016766
059092
104622
052133
109875
051800
018539
044714
069809
076736
054451
087052
046572
089396
063752
065181
018884
096059
085417
073290
068450
065620
002895
013108
116259
019553
044660
068300
027197
038830
042741
005535
018677
019011
093701
005213
043700
094497
027537
015916
017036
103492
058737
083830
036443
068320
047498
097909
064489
038043
088087
024897
006657
041236
041370
050233
057017
052465
062360
022747
095931
080393
066792
069814
086869
016504
047414
117366
120258
064879
057395
070616
102068
115820
111830
012304
091585
050732
018662
085185
034042
005023
044550
072263
017282
000017
068639
069074
036650
075537
043917
038816
057018
082778
013469
094971
080696
003187
090651
028623
063536
108371
084465
069870
088790
073784
021931
011217
046542
011432
008344
000781
012156
097668
075957
102475
033608
003097
034772
079723
064927
103455
053944
103356
045461
038366
040665
012416
099436
035373
077735
058411
100605
109823
040057
015825
097907
064836
002833
057714
109958
035637
018188
059281
016198
086301
116462
099543
020239
062250
080980
098573
007994
111096
113830
067595
095389
086582
102355
015281
068133
024811
018177
103979
090007
037495
032110
038983
046980
083381
100496
072575
032773
051897
022749
008454
111727
050262
086999
113629
049042
078882
084009
086445
115345
082063
074591
080470
109425
049164
062727
082615
048437
054297
018727
116284
079432
040955
013218
083897
023278
033372
062060
065707
027370
020977
093709
096634
039083
105003
110081
033993
103372
066554
078880
079492
067290
093434
113661
077679
048794
033308
092488
098370
017214
004491
005385
059881
072240
091281
087445
096686
118519
014440
115710
074001
060166
053504
005549
074944
043761
050202
063147
085647
119522
118856
090095
077683
100012
090427
031060
077671
059185
022062
084042
006972
099765
043042
120445
022597
045505
076753
051482
076031
050330
034722
032533
063794
054183
063399
007314
092714
025581
051750
029244
093571
014196
058201
022618
003196
116643
031547
084107
015162
047322
049249
078765
074201
035535
118700
053339
096836
046053
096229
111424
034105
091728
049162
046347
078192
098467
003231
105382
066166
039298
108826
009471
013409
095464
098601
004441
056223
072085
102854
013512
065873
071624
008692
058173
080423
047454
108138
049689
048066
016681
111040
091898
061238
015409
091909
111662
011326
058117
027345
085973
028619
094005
016009
018533
000102
110021
076472
093176
001791
036319
076951
023209
060662
076569
010301
031385
083176
046466
103335
054928
071077
056418
016563
027686
048478
087239
088372
037168
031552
054666
048618
037779
076226
105965
060463
059456
063923
109070
103757
045851
082927
023503
096595
031284
043815
045280
117665
070478
051073
093220
116939
065709
028049
052175
014567
034202
054840
114579
032539
103147
075692
093364
090140
093738
120383
078998
049184
047179
093912
077630
000685
113476
096021
035157
037921
035155
051689
009871
102079
086427
029518
015464
009961
023866
099108
107045
110677
079395
086802
065506
026662
028608
037938
106874
055211
075054
119738
050156
075426
120582
067014
076098
081895
066949
108181
110170
009688
026675
020599
035943
073346
096129
115606
071647
053727
027464
048337
048372
111075
069764
100323
051601
119505
006086
115957
077051
043584
041270
078259
073219
060421
081406
086569
015527
079141
067180
045282
116314
103249
025553
044291
082758
015175
102741
023826
003383
004260
060944
086658
100737
100369
026631
108941
062580
039092
068186
089568
082007
105195
021001
034238
005847
024079
009604
111062
106448
071044
023953
086106
060304
109287
106245
058098
022987
033422
104247
069101
095139
083183
035496
103282
103340
118939
039303
112015
072916
034519
054852
071195
084328
041239
120003
053871
086022
091741
100698
067827
073885
081323
100599
058769
001045
086048
002279
013453
032115
114911
047402
046340
109413
107213
022140
103542
110739
035935
005086
071536
047213
070521
025760
105014
060628
119395
067274
069811
085652
084927
120199
108606
001582
000180
006777
085765
040464
051527
005075
000257
066484
070996
032733
016842
039312
070626
116726
042149
118647
117011
078507
038947
099276
040104
091969
019923
004090
089943
089076
065499
056312
100179
063322
001502
062167
117830
112618
001731
106886
111254
000243
055726
086500
025233
036828
046238
098469
004817
008251
032215
014249
027011
102801
023889
052517
048434
116361
070485
112375
004834
066017
067068
075520
044679
096744
089590
064157
017430
059203
028727
024673
050347
058632
096397
110851
075387
056072
094190
027594
041564
025451
112973
113595
053692
007028
061863
004052
083409
081290
023073
118809
029711
027637
108565
039372
096588
058253
071750
034959
019965
005110
046920
053837
068806
107260
022097
088254
089377
094206
085952
017372
048779
055474
042823
052518
092461
120257
013285
117854
063522
015451
070875
053554
086315
051766
050571
112187
045909
076923
108188
009324
070575
003944
038780
058901
109106
089955
075261
101978
019352
055863
007098
003520
065366
037923
023463
006406
004335
071034
026661
055795
061198
104436
051045
096435
046747
061727
052947
008411
017562
035039
088704
080968
028551
075800
104705
003103
024892
119362
000852
057352
003350
052312
102805
039353
112086
020422
061943
083714
116617
067412
031736
082314
088633
078461
051847
116423
030060
108954
058777
043459
071938
001598
026513
051856
067821
053142
108816
097414
087335
028491
052946
096350
090262
017095
034411
085043
030694
060836
111897
041059
119170
036799
105540
027304
060571
111748
065775
111511
011536
015629
106655
094940
080473
031839
116318
096323
074959
030297
088027
001257
033650
073934
034834
035520
096864
033338
077779
066611
019819
077868
069842
045582
049856
096894
045893
021605
071321
026578
072800
071135
037782
089557
098085
106284
064704
068221
115607
066704
120480
020358
105305
112562
099774
101381
000576
070788
001701
117567
099197
008757
103343
108810
112423
111110
028872
002078
099445
016468
038186
100974
073158
000450
078725
048009
040968
083438
012427
117329
004253
040596
003756
020287
065540
055823
108418
097686
079893
071347
014758
014181
094234
100118
100766
035776
087686
074561
061990
000549
047050
016628
086702
099574
077686
111635
115752
091458
105653
049952
021824
009509
079149
007317
057642
053980
028890
009448
087364
047182
111599
093467
029105
080792
118713
116558
024843
096608
048308
071355
112924
091984
032368
068575
092637
050546
039354
044442
099632
075532
092105
052935
117709
050552
073414
084263
090623
086208
087761
092696
087486
080607
039000
059817
095069
118903
068340
099973
010457
052750
031486
105196
092817
045251
078633
034219
016193
100443
106720
005251
047345
054420
038971
054593
065914
026960
011865
105595
042190
007911
023234
066880
070623
013504
096587
064513
045526
065575
113192
039109
059847
100926
110112
005091
114459
065840
116920
060701
087909
045837
117495
052792
016677
004939
111087
097356
056443
015933
107844
058910
034527
076596
026801
065262
045403
048193
050181
119786
065047
048668
050988
109535
085592
022075
096150
097856
015323
074159
092644
055400
109276
089920
023169
016722
013969
114131
105588
019770
097752
027932
099546
064508
089479
016071
067085
041220
088479
042347
094091
091196
051003
093846
053872
079015
046648
094919
031330
046413
036957
087336
045004
014546
039277
053666
029129
049214
004301
082770
006689
061948
023053
105467
114277
003253
052907
037353
049917
068690
092351
115447
081790
105878
030277
117754
082478
058236
048789
097605
008496
114874
066967
085714
027148
110120
076499
073380
027065
002125
100991
031479
044564
047062
021541
006082
055127
057996
048199
068453
103650
073433
090731
052391
017183
106012
120193
065462
031003
036754
007792
042204
040251
051652
048173
067528
033275
062319
089041
027338
048838
106347
111711
057808
013224
096531
087699
024672
007363
067952
001266
023328
080278
017050
040407
086108
093062
098880
080375
007974
057162
106698
031207
079029
089367
001718
119584
022965
046859
084063
002380
095755
072268
109778
001807
039623
025648
100712
055252
022634
075661
035523
007486
114409
094832
065859
085442
077260
098705
111133
031443
023377
031515
019272
004249
054313
068380
092327
109015
120562
036194
097255
084061
104626
116153
035053
041362
038891
116380
057814
119449
002247
115904
073907
114929
057735
117898
077751
091835
036134
119706
106416
053046
015302
057370
033611
055368
001388
087282
006219
065424
098389
090335
075902
081467
081014
035023
109557
018922
101419
081306
018094
051882
076940
006117
091870
034953
042428
082668
027330
059932
062453
087816
076420
009877
004357
082024
098933
064793
047027
093943
113452
065550
085083
008010
047660
021411
086272
083105
049463
054444
089902
013842
036034
117262
090736
097324
110578
070780
108834
072668
044645
056713
079429
041319
065215
107952
108475
041260
094835
040371
026181
103752
097419
016683
013804
037423
017059
026857
113473
078081
018104
070600
051755
085028
101416
029220
038653
037965
025207
095885
045931
070569
087614
072909
067264
045206
100983
049332
052341
045642
017544
066708
064821
033208
065272
049955
024808
007979
082703
019627
028927
090373
009670
119030
084134
006216
043399
004392
028000
046272
026155
115915
068676
090748
002379
018461
000434
032464
078644
015878
055869
017273
035187
067485
026728
026442
083941
088345
099893
047080
061216
102073
014435
031432
038007
023828
028851
110464
028031
119182
005140
089671
041686
046556
041251
108586
119563
108071
112553
105375
078214
040249
007799
021636
028295
016874
001971
076306
024166
020850
106275
088247
095201
118167
039895
085886
073982
070924
101396
018868
015303
040917
099884
104863
119007
028019
073683
117834
074271
005389
083840
055270
105359
076248
017885
119046
014881
095130
092403
020612
079637
031992
041190
096148
044130
023201
037940
099507
051420
062345
006436
042563
007536
043673
020685
021287
099854
086740
002606
086883
110339
093883
074678
043344
063708
083869
010409
089497
034375
014844
118173
068187
044506
087056
004473
114479
072260
020999
009392
116652
016137
071383
012852
093853
033478
090455
080279
105871
017935
017011
006705
003357
117293
013145
043289
033601
064497
032006
003731
098308
042440
106498
065951
019163
073272
108832
037920
062162
034634
069369
110075
062437
023378
086825
090190
095558
076808
115100
041052
101253
097941
083948
109910
094381
051854
061600
038924
103974
050134
082261
042439
104946
101973
068217
101297
056923
049784
039028
120548
020711
014229
002660
019060
047357
041209
036216
029387
060676
023554
068805
082477
119561
103096
008599
018970
032569
076531
056873
118721
074022
071242
060300
003575
034407
087160
028465
081962
069536
059733
061548
042978
014900
080865
093076
100161
006521
007417
103435
102753
030285
040919
093722
113571
102078
017005
086370
093946
094184
056525
068423
042598
062221
093531
036798
003466
103187
016664
081291
014279
120322
016622
058572
038225
050035
108732
119936
033012
008865
020399
091038
051424
006710
110633
120451
022272
099154
074339
001555
087585
100585
111373
084106
114796
119255
091330
023078
001479
097815
050544
084941
027567
080712
015099
014909
118129
091253
059219
092772
073114
060671
069545
072215
048529
013798
000420
079658
107857
105979
107884
014487
027676
093848
079288
018769
001241
106460
035681
008414
028355
043615
092849
105044
037653
103902
114373
058198
076756
116633
081549
101941
118884
079103
103776
024426
094844
069602
021313
032049
027002
088049
069231
115495
068846
063589
024869
039741
039376
118459
099524
007195
111191
091317
046993
003597
103644
034454
036018
047768
021878
053359
012324
109964
069240
100754
045289
075632
111679
021461
062012
073698
077421
052955
107120
002277
065443
033167
071340
040314
045976
072719
041306
064202
110443
098543
024379
067924
041572
036391
102812
050780
075363
007843
117483
034807
024576
076780
008255
008290
076430
018726
068562
070584
014394
021443
025859
033773
070884
098636
052328
109744
000908
012923
092112
063388
045479
055539
119327
034826
007537
005616
042445
042847
026344
052255
113447
095084
116716
083544
035615
104965
009817
025488
049160
079299
087666
047973
036075
025674
019672
103351
063510
023263
089285
073579
078412
007637
030825
090498
071477
072662
040801
068222
021473
082763
084598
102868
037465
041330
009097
021553
057796
038587
069451
083927
090664
055499
109097
001665
100744
054000
011163
000706
062648
074931
045217
051702
046286
112198
004497
034666
043460
072823
027654
068674
102426
114814
035616
031375
110078
046261
074879
011810
014515
091892
115942
106670
037903
114470
116830
001602
108275
023128
073610
112367
031924
046025
119499
054072
088854
023523
025830
092808
059428
090963
073581
064781
023932
090737
044719
017254
031639
101087
052795
100111
026834
103955
027121
108309
058474
044463
044853
084899
045285
082307
072078
104062
119567
108122
081783
108445
001679
028145
063273
004910
045410
022101
055806
114547
071325
108057
093228
098737
107549
114426
017313
094246
106014
110159
091717
050804
040599
059633
115018
049654
066234
113294
017535
038677
074392
054216
045331
042517
016651
041229
010536
036867
002268
053755
025953
100896
110651
009599
059991
056626
063695
001493
108056
064351
079938
081603
041765
050099
086551
029582
057350
017969
049131
058396
024377
084747
105817
110790
025401
029502
040681
052770
016530
055027
047512
057130
003563
102291
013136
002694
058080
018720
088732
052507
086196
062773
096925
014634
082353
002647
081863
040659
116300
067207
116491
047205
007643
061134
083432
073933
057678
070289
045553
101074
039993
032651
025336
106783
097048
109717
057711
067891
045370
026961
027220
114312
076919
118534
049595
040124
054590
014259
032369
104124
098355
023213
113126
111778
036120
091064
019618
040377
018046
029879
066112
004825
012023
023136
011223
078345
083361
042829
033710
097160
093754
053358
003320
070505
075779
090332
102730
039795
084044
087374
085787
012891
043376
037804
120481
085227
069481
022554
091929
043972
116986
085450
081640
008597
105154
042534
101782
037346
012398
040758
055405
014102
117385
110561
047020
067348
027421
076330
035807
031138
036825
056284
078706
047039
006610
055801
013585
076238
042562
095343
035985
057159
026710
104519
099267
092655
063272
086388
048802
015862
001671
036803
107399
053578
119704
118449
053221
055666
114094
027380
109957
085786
105564
017970
101564
098519
072306
007775
054286
056774
028891
022617
117780
102501
103694
117352
066607
104036
035770
084190
066839
065333
087899
001263
009048
077724
047585
008389
098455
087887
054490
079275
054844
001489
011462
101767
042082
090348
114837
049187
042132
051554
067868
118678
030691
058858
075561
118645
002761
032003
035922
119810
110244
020014
117540
074331
117889
005002
042487
061191
009345
067941
039904
061640
077272
017062
076570
079796
038513
054646
022248
034071
110068
089835
119758
023007
021609
053788
001528
000212
119914
015926
076803
111886
070474
052904
114240
105441
076864
097829
069027
022337
074634
041504
051889
011429
004235
030257
100953
090556
058380
038652
010798
087902
096885
084055
092855
118328
011118
090507
035645
102795
057392
063558
042606
107041
003993
052396
029605
086529
103645
068391
009543
019671
009790
104230
089206
067494
007162
071747
008281
026083
024601
048035
110618
082497
102775
083125
072467
053231
062108
074769
011602
070516
111487
045307
023495
003134
073274
057430
108783
039084
098086
072873
014052
031282
061860
028590
042697
084313
084501
058675
003590
037269
026134
049306
055844
048637
015961
038614
055952
083964
058749
081693
090504
026273
004433
075608
081396
058144
068421
083808
037224
058739
056957
078621
028702
031867
058716
052791
063334
066728
107400
013741
050170
034140
073763
059458
112664
080851
042451
095504
006653
002333
072898
046674
043218
067379
068531
004758
057800
026099
003685
024919
071157
051900
048861
020543
094281
048336
069232
067660
038443
026667
084553
110519
027947
025948
057666
059958
075883
016987
056948
051994
018135
050980
044223
047314
036527
049675
031955
041924
083950
109650
101064
029922
071438
119957
031871
081781
040875
033654
091841
003607
