000136
000167
000188
000299
000438
000491
000846
000919
000964
001002
001009
001094
001165
001177
001179
001605
001685
001864
001961
001973
002039
002111
002243
002258
002514
002555
002773
002813
002945
003099
003541
003562
003963
004269
004303
004417
004549
004697
004715
004831
004948
005473
005624
005654
005698
005789
005860
005951
005977
006239
006270
006327
006331
006401
006561
006771
006851
006859
006959
007041
007534
007630
007800
007870
008067
008259
008292
008388
008404
008708
008930
008954
009153
009257
009380
009621
009790
010086
010128
010258
010669
010886
011152
011667
011797
011846
011883
011904
012002
012079
012100
012172
012332
012745
012778
012858
013102
013390
013395
013560
014080
014304
014314
014424
014765
014859
015059
015193
015430
016003
016196
016256
016357
016455
016545
016683
016755
016878
017124
017358
017516
017699
017990
017996
018240
018358
000322
000510
000543
000711
001090
001371
001437
001497
001552
001750
001825
001904
001935
002032
002075
002174
002205
002227
002467
002580
002746
003043
003332
003663
003664
003923
004073
004190
004292
004341
004565
004568
004666
004879
004979
005065
005347
005348
005573
005829
005865
005915
005980
006054
006364
006395
006520
006523
006864
007070
007351
007382
007447
007528
007735
007794
008219
008346
008734
008877
008892
008941
008970
009057
009155
009194
009195
009330
009831
010033
010058
010319
010377
010491
010501
010823
010827
011001
011276
011516
011538
011602
011631
011660
011704
011766
012085
012166
012174
012291
012339
012575
012757
012860
013079
013283
013328
013332
014177
014203
014333
014451
014540
014803
014869
015270
015480
015508
015553
015697
016388
016409
016441
016609
016697
016852
017012
017356
017582
017618
017885
017908
018126
018132
018272
018629
000123
000205
000577
000814
000832
000937
000986
000991
001024
001193
001393
001851
002018
002138
002317
002780
003126
003147
003305
003339
003416
003512
003553
003694
003774
003836
004031
004060
004359
004537
004562
004639
004846
004933
005185
005265
005267
005378
005597
005872
005967
005968
006244
006613
006766
007051
007094
007152
007331
007451
007597
007598
007894
007946
008350
008688
008738
008828
008882
008973
009550
009820
009836
009881
010031
010213
010224
010727
010741
011054
011330
011342
011385
011462
011504
011552
011567
011683
011697
011731
011917
012059
012378
012488
012846
012882
013068
013138
013189
013307
013323
013486
013805
013933
014197
014306
014401
014493
014638
015026
015240
015452
015499
015765
015770
015936
016146
016206
016209
016216
016304
016654
016716
016748
017132
017160
017365
017755
017939
017974
018058
018237
018273
018396
018410
018441
000112
000145
000185
000338
000946
001108
001111
001180
001220
001336
001501
001522
001557
001984
002010
002532
002607
002680
002744
003036
003049
003116
003139
003259
003301
003570
004026
004118
004312
004392
004676
004734
005128
005315
005350
005477
005552
005571
005726
005807
006113
006313
006328
006379
006493
006773
006871
006988
007037
007273
007318
007328
007372
007394
007551
008202
008236
008479
008803
008846
008949
008966
009158
009159
009460
009476
009581
009660
009690
010070
010483
010619
010739
010812
011175
011436
011753
011781
011794
012343
012366
012460
012481
012507
012562
012633
013134
013183
013247
013671
013729
013791
014054
014142
014170
014279
014309
014518
014726
014795
015224
015252
015287
015325
015404
015431
015772
015840
015965
016402
016490
016533
016700
016940
017197
017617
017813
017825
017998
018022
018029
018057
018123
018214
018455
018588
000070
000153
000393
000627
000951
001054
001712
002098
002139
002238
002271
002818
003000
003017
003032
003369
003391
003587
003706
003739
003779
004069
004191
004437
004515
004823
004965
005123
005140
005438
005492
005567
005766
005774
005776
005825
005864
006008
006065
006292
006711
006717
007012
007243
007521
007846
007995
008956
009190
009343
009408
009411
009701
009870
009998
010311
010321
010431
010531
010850
010971
011192
011214
011573
011577
011942
012018
012156
012184
012195
012206
012479
012623
012680
012710
013235
013378
013491
013602
013849
013878
013949
014125
014168
014180
014185
014275
014379
014394
014428
014481
014525
014546
014580
014614
014721
014723
014754
014811
014983
015056
015116
015289
015544
015819
015862
015931
016149
016360
016373
016521
016639
016696
016794
016903
016929
017531
017600
017635
017875
017904
018083
018114
018153
018222
018373
000054
000236
000325
000493
000532
000552
000931
001122
001313
001398
001514
001701
001747
001943
002129
002300
002553
002920
002950
003148
003212
003236
003670
003896
003935
003937
004428
004635
004668
004689
004721
004730
005054
005096
005177
005361
005520
005638
005780
005818
006348
006372
006500
006501
006584
006641
006703
006731
006881
007346
007873
007971
008068
008097
008216
008247
008322
008434
008762
009269
009443
009445
009498
009548
009564
009613
009860
009904
009946
010061
010127
010270
010765
010868
010998
011015
011146
011227
011228
011394
011445
011456
012223
012267
012299
012331
012351
012462
012523
012566
012598
012617
012808
013016
013266
013512
013530
013632
013740
014019
014034
014537
014548
014641
014653
014727
014833
014886
015068
015110
015300
015554
015563
015684
015759
015885
015933
015976
016397
016650
016818
016943
016982
017049
017100
017964
000457
000567
000630
000794
001099
001550
001555
001665
001782
001812
002233
002246
002371
002984
003150
003166
003345
003457
003817
004124
004130
004157
004205
004293
004682
004768
004844
005041
005180
005242
005264
005298
005856
005994
006201
006218
006470
006475
006594
006597
006601
006842
007108
007131
007358
007592
007677
007760
007923
007958
008028
008063
008103
008158
008194
008285
008310
008683
008836
008939
009036
009107
009109
009300
009375
009473
009493
009604
009666
009924
009963
010085
010244
010641
010653
010678
010869
010900
011231
011291
011360
011441
011612
011633
011878
011915
012173
012234
012289
012317
012442
012506
012682
012726
013302
013445
013834
013943
013965
014374
014528
014674
014891
015539
015817
015861
016024
016079
016148
016163
016259
016554
016556
016646
016769
016810
016996
017138
017241
017293
017599
018033
018191
018256
018281
018387
000004
000201
000353
000517
000522
000628
000659
000782
000870
000948
001057
001156
001206
001288
001348
001359
001397
001486
001506
001515
001693
001756
001931
002203
002296
002385
002495
002498
002525
002609
002925
002977
003410
003417
003444
003731
003961
004091
004136
004216
004320
004460
004658
004839
004932
005153
005258
005273
005554
005788
005955
006063
006101
006150
006381
006410
006609
006629
006794
006897
007137
007252
007350
007517
007567
007778
007922
008085
008227
008570
008652
008752
008996
009086
009205
009252
009387
009430
009608
009692
009706
009864
009895
010177
010902
011128
011343
011397
011507
011559
011615
011676
011743
011808
012297
012307
012645
012672
012852
012995
013214
013366
013507
013725
013924
014260
014327
015644
015926
015952
015971
016128
016284
016582
016857
016951
017079
017274
017389
017636
017665
018080
018107
018172
018264
018478
000010
000104
000249
000386
000501
000596
000772
000893
000929
000957
000980
001287
001639
002099
002202
002302
002379
002403
002485
002906
002934
002996
003157
003329
003419
003426
003629
003822
003834
004125
004192
004251
004474
004588
004642
004688
004870
005012
005075
005111
005190
005404
005471
005661
005949
006164
006405
006435
006576
006748
006818
006868
006903
006980
007025
007109
007126
007127
007171
007233
007332
007518
007750
007844
007969
008105
008222
008585
009282
009437
010290
010344
010512
010699
010872
011332
011443
011913
011921
012158
012230
012519
012576
012587
012612
012869
012894
012903
012946
013100
013117
013239
013358
013631
013709
013772
013936
014058
014312
014692
014731
014739
014785
015016
015118
015409
015495
015594
015711
015779
015796
015820
015881
015961
016098
016332
016542
016961
017181
017380
017429
017574
017584
017981
018141
018257
000164
000254
000503
000529
001234
001257
001283
001412
001474
001666
001816
001860
001939
002078
002231
002254
002413
002506
002644
002706
003010
003524
003576
003708
003853
003859
003999
004162
004236
004246
004278
004323
004330
004461
004748
004840
005074
005118
005575
005800
005992
006286
006332
006553
006619
006813
006890
006917
006957
007172
007216
007748
007893
007953
007956
008096
008200
008330
008341
008582
008616
008850
009188
009342
009641
009697
009862
009991
009993
010101
010130
010315
010358
010446
010448
010510
010604
010684
010709
010749
010922
010947
011013
011111
011246
011761
011829
012031
012611
012857
013131
013534
013677
013685
013785
013984
013989
014067
014502
014744
014840
014871
014921
014951
015042
015456
015586
015919
015922
016160
016218
016302
016367
016574
016673
016820
016884
016914
017319
017363
017418
017515
017546
017722
018446
018538
000168
000333
000463
000488
000756
000835
000917
001062
001121
001266
001823
002349
002423
002441
002559
002579
002721
002874
003042
003070
003136
003498
003561
003759
003768
003988
004032
004126
004296
004329
004792
004863
004908
005253
005339
005387
005637
005647
005684
005770
005923
005962
005987
006550
006552
006669
006865
007513
007631
007876
008136
008149
008188
008583
008703
008726
008751
008886
009077
009123
009714
010126
010264
010284
010389
010461
010561
010773
011059
011306
011328
011508
011511
011606
011655
011694
011732
011893
012271
012318
012363
012396
012432
012463
012589
012593
012835
013083
013167
013202
013213
013265
013320
013369
013713
014096
014384
014688
014838
014862
015001
015099
015148
015281
015465
015468
015652
015793
015831
015838
016038
016318
016656
017058
017085
017115
017177
017633
017993
018190
018379
018465
018573
018590
018607
018625
000050
000207
000332
000403
000424
000429
000477
000587
000735
000736
000779
000834
001130
001256
001395
001479
001551
001586
001780
002117
002190
002519
002664
002665
002715
002851
003260
003317
003349
003816
003821
004201
004623
004698
004709
004757
004775
005115
005184
005297
005328
005431
005449
005564
005779
006030
006510
006945
007274
007499
007680
007718
007831
008055
008207
008372
008870
008983
009125
009208
009409
009507
009551
009639
009893
010001
010113
010243
010508
010675
010790
010878
011064
011106
011495
011555
011568
011603
011736
011979
011995
012313
012447
012494
012549
012681
012697
012876
013059
013147
013321
013639
013691
013741
013885
014192
014235
014440
014612
014644
014775
014808
015106
015178
015269
015669
015740
015778
016630
016765
016876
016939
016950
016959
017066
017145
017152
017563
017638
017683
017709
017829
017957
018052
018576
018627
000012
000519
000739
000879
001046
001342
001480
001584
001781
001862
001911
001926
002134
002148
002169
002198
002593
002833
003114
003375
003423
003531
003824
004030
004375
004517
005083
005233
005572
006089
006098
006154
006182
006362
006572
006639
006647
006686
006870
007021
007141
007640
007789
007813
008040
008119
008305
008394
008441
008494
008872
009014
009106
009116
009176
009209
009335
009366
009494
009589
010384
010395
010521
010530
010871
010995
011353
011523
011650
011910
012157
012246
012274
012503
012691
012781
012986
012987
012994
013020
013553
013744
013909
014023
014087
014403
014447
014543
014675
014776
014783
014844
014901
014917
014924
015051
015094
015436
015500
015615
015691
015728
015736
015741
016010
016461
016465
016592
016812
016819
016946
016998
017022
017095
017167
017264
017564
017607
017748
018070
018073
018092
018221
018355
018553
018577
000137
000430
000608
000912
000916
000989
001213
001538
001871
001881
001936
001965
002009
002023
002094
002446
002619
002660
002678
002817
003069
003395
003489
003602
003897
004078
004150
004439
004443
004458
004493
004496
004520
004804
004851
004873
004967
005070
005141
005150
005200
005365
005368
005468
005559
005584
005650
005826
006024
006479
006866
006952
007107
007308
007371
007381
007438
007455
007554
007824
007974
008384
008408
008499
008876
008937
009022
009064
009491
009624
009625
009746
009884
010382
010450
010648
010718
010867
010912
010932
011063
011099
011207
011832
011860
011940
012034
012140
012287
012515
012561
012686
012935
013372
013746
013816
014033
014442
014733
014749
014915
015077
015189
015228
015239
015276
015330
015429
015668
015792
015815
015953
016054
016411
016832
017060
017061
017510
017590
017644
017664
017890
017906
018074
018395
018459
000213
000380
000546
000716
000822
000824
001271
001411
001483
001726
001732
001735
001903
001905
002245
002303
002320
002490
002528
002679
002749
002909
002965
003040
003087
003372
003737
003782
003857
004209
004384
004391
004525
004855
004914
005057
005059
005125
005563
005756
005885
005996
006161
006245
006307
006657
006719
007029
007030
007115
007117
007136
007227
007548
007762
008130
008457
008473
008524
008863
008912
009348
009410
009529
009570
009576
009586
009700
009711
009766
009817
009899
009923
010141
010363
010424
010433
010488
010703
010781
010950
010951
011123
011528
011695
011785
011834
012043
012053
012233
012426
012429
012669
012891
013027
013049
013098
013105
013168
013365
013571
013573
013704
013715
013860
013867
014588
014701
014771
014831
014932
014976
015161
015517
015901
016075
016223
016254
016568
016753
016764
016822
016900
017121
017307
018378
000198
000271
000374
000422
000706
000915
001003
001075
001226
001317
001351
001494
001504
002170
002250
002266
002340
002361
002395
002872
002898
003402
003520
003616
003747
003830
003866
003880
004188
004478
004593
004664
004817
005296
005349
005566
005645
005816
005871
005935
006105
006117
006169
006229
006468
006562
006765
007281
007709
007900
007996
008004
008011
008450
008460
008507
008648
008680
008728
008732
008879
009221
009352
009401
009568
009640
009772
009777
009932
009985
010048
010174
010390
010398
010686
010715
010809
010897
010935
010987
011264
011319
011514
011920
012076
012098
012282
012357
012387
012453
012862
013130
013577
013835
014092
014206
014411
014476
014566
014629
015100
015229
015379
015561
015764
015776
015783
015939
016073
016137
016205
016288
016421
016513
016588
017213
017412
017437
017462
017637
017681
017684
018059
018176
018253
018351
000175
000219
000315
000669
000701
001237
001571
001671
001776
001797
002112
002284
002569
002806
002917
003199
003592
003622
003689
003804
003938
003948
004023
004083
004131
004176
004273
004780
004881
004949
004956
005007
005068
005106
005364
005701
005708
005747
005878
005991
006040
006073
006524
006623
006640
006775
006985
007057
007095
007196
007280
007368
007793
008091
008104
008221
008369
008467
008757
008902
009008
009091
009281
009389
009617
009874
010207
010553
010644
010680
010685
011199
011355
012169
012207
012238
012306
012350
012529
012608
012704
012730
012867
012873
012889
012959
013114
013472
013646
013760
013822
013880
014187
014297
014826
015095
015105
015134
015145
015354
015585
015628
015692
015726
015749
015818
016015
016114
016164
016214
016263
016294
016345
016481
016815
016893
017077
017190
017391
017442
017985
018000
018017
018179
018464
018532
000109
000212
000360
000443
000810
001010
001107
001178
001370
001417
001457
001615
001820
001921
002765
003283
003338
003401
003404
003519
003641
003843
003968
003990
004085
004230
004446
004640
004788
004795
004809
004847
004859
004895
005087
005300
005357
005369
005576
005739
005831
005954
006299
006369
006845
007082
007486
007503
007516
007532
007650
007740
008098
008134
008170
008218
008232
008396
008490
008547
008654
008817
009006
009141
009289
009571
009754
009861
010672
010824
010841
011098
011623
011635
011674
011810
011899
011998
012151
012160
012176
012485
012622
012822
012859
013580
013618
013751
013786
013853
013959
014446
014526
014544
014604
014618
014769
014890
014902
015199
015225
015340
015476
015604
016121
016189
016675
016686
016908
016916
016926
016953
017116
017123
017185
017253
017335
017396
017450
017489
018014
018045
018243
018294
018480
018609
000166
000243
000246
000265
000334
000453
000553
000634
000833
001139
001168
001451
001554
001656
001978
001982
002033
002097
002256
002343
002591
002652
002725
002790
003170
003226
003291
003396
003460
003675
003808
003904
004556
004596
004743
004969
005133
005172
005216
005331
005338
005527
005606
005686
005995
006100
006483
006502
006817
006886
007512
007546
007573
007610
007795
007851
008114
008233
008500
008558
008581
008919
008975
009356
009807
010037
010105
010265
010504
010520
010618
010633
010735
010936
011150
011188
011298
011546
011690
011789
011827
012007
012422
012467
012709
012816
012985
013179
013388
013680
013697
013737
013789
013891
014236
014472
014790
015114
015195
015284
015307
015617
015624
015700
015882
015883
016027
016422
016450
016534
016596
016603
016605
016636
016705
016745
016757
017186
017271
017588
017692
017936
018007
018089
018220
018457
000366
000744
001128
001210
001241
001305
001330
001453
001487
001517
001547
001641
001774
001784
001908
002649
002654
003094
003115
003586
004181
004362
004722
004741
004874
004958
004999
005003
005110
005346
005475
005523
005591
005664
005733
006079
006320
006347
006682
006760
006804
006815
007004
007183
007219
007493
007719
007780
007790
007966
008051
008111
008113
008337
008353
008518
008624
008823
008843
009001
009083
009210
009336
009426
009644
009759
009762
009788
009953
010190
010262
010335
010588
010629
010953
011551
011741
011833
011857
012196
012204
012362
012651
012897
012969
013160
013195
013246
013480
013735
013817
013921
013968
013976
014009
014014
014358
014631
014663
014709
014756
014942
014988
015293
015716
016084
016202
016262
016374
016457
016572
016625
016642
016653
016669
017026
017247
017328
017668
017729
017799
017872
017937
018295
018449
018571
000364
000449
000622
000776
000828
001029
001350
001403
001636
001720
001745
001997
002185
002297
002373
002474
002503
002733
002756
003193
003588
003760
003805
003838
003907
004289
004378
004473
004564
004669
004984
005035
005336
005480
005570
005628
005635
005765
005769
005797
005939
006019
006069
006075
006127
006309
006406
006459
006462
007053
007240
007325
007357
007441
007608
007781
007942
007973
007999
008001
008230
008243
008289
008374
008398
008675
008774
008946
009016
009223
009345
009522
009603
009718
010065
010332
010333
010440
010852
011039
011066
011091
011217
011256
011272
011341
011357
011424
011497
011518
011626
011661
011784
012051
012101
012132
012198
012525
012661
012875
012998
013042
013082
013335
013591
013600
013774
014520
014642
014947
015238
015377
015857
016151
016215
016399
016433
016561
017059
017378
017409
017741
017951
018328
018348
018417
000048
000305
000411
000415
000597
000773
001163
001238
001739
001955
002027
002061
002542
002576
002650
002834
003028
003228
003711
003784
003849
003913
003980
004038
004049
004427
004754
004826
004916
005030
005066
005159
005493
005541
005689
005879
006136
006185
006208
006249
006635
006791
006793
007133
007526
007617
007629
007739
007743
007768
007989
008284
008536
008707
009005
009627
009643
009662
009799
009979
010004
010082
010216
010404
010593
010848
011257
011295
011536
011686
011774
011822
012049
012052
012077
012116
012367
012489
012676
012760
012767
012823
012960
013237
013380
013382
013621
013779
013996
014085
014243
014392
014405
014471
014498
014523
014710
014805
014998
015004
015032
015092
015098
015254
015351
015549
015717
015808
015912
015917
016086
016122
016169
016608
016677
016682
016830
016875
016895
017318
017639
017720
017728
017866
017870
018344
000075
000362
000551
000783
001556
001611
001674
001734
001758
001841
002049
002229
002272
002338
002398
003135
003216
003400
003459
003471
003472
003492
003573
003603
003649
003671
003810
003894
003941
004010
004550
005194
005260
005343
005435
005497
005603
005670
005680
005746
005985
006018
006355
006508
006735
006792
007808
007854
007948
007998
008077
008147
008204
008213
008314
008326
008602
008935
008952
008953
008991
009093
009201
009254
009322
009413
009684
010161
010378
010479
010639
011243
011314
011392
011579
012159
012364
012540
012548
012957
013389
013431
013527
013624
013681
013692
014021
014152
014278
014318
014466
014480
014489
014567
014648
015090
015219
015332
015356
015487
015789
015911
015988
016105
016166
016274
016290
016340
016382
016431
016589
016776
016823
017163
017325
017503
017573
017691
017979
018067
018226
018421
018424
018448
018479
018498
000263
000469
000704
000866
001069
001215
001321
001826
001863
002223
002301
002382
002449
002804
002819
003078
003440
003521
003797
003798
004171
004388
004390
004421
004607
004684
004696
004907
004977
005090
005124
005587
005596
005924
006614
006695
006962
006967
007309
007311
007468
007496
007523
007965
008016
008125
008166
008281
008562
008639
008667
008682
008796
009089
009242
009439
009451
009542
009780
009789
009806
009824
009834
010131
010234
010342
010391
010422
010462
010679
010710
010792
010825
011340
011375
011542
011663
011702
011773
011779
012205
012220
012236
012245
012301
012308
012337
012393
012475
012763
012779
012803
013205
013458
013471
013518
013522
013935
014539
014599
014671
014880
014991
015057
015208
015373
015497
015957
015974
016047
016585
016633
016706
016964
016992
017127
017131
017192
017329
017593
017800
017855
018212
018429
018543
018561
000098
000264
000358
000370
000578
000703
000906
000962
001060
001124
001240
001278
001612
001640
001761
001807
001832
001972
002001
002167
002480
002643
002729
002774
002995
003039
003220
003386
003420
003474
003591
003607
003618
003674
004114
004225
004514
004599
004633
004653
004713
004790
004912
005095
005100
005517
005535
006094
006541
006543
006674
006790
006802
006987
007002
007105
007157
007400
007458
007618
007787
007934
007961
008026
008426
008573
008714
008895
009390
009395
009750
010140
010327
010472
010794
010806
010960
011274
011447
011664
012040
012067
012300
012421
012457
012495
012635
012654
012707
012727
012827
013018
013314
013316
013538
013629
013630
013679
013977
014126
014519
014583
014900
015043
015146
015172
015257
015367
015451
015566
015568
015686
016068
016303
016447
016459
016501
016725
016816
017649
017735
017883
018183
018238
018390
000032
000899
000996
001004
001146
001198
001426
001505
001813
001847
001940
001999
002133
002151
002599
002670
002710
002992
003013
003120
003233
003313
003522
003715
003736
004006
004174
004227
004363
004442
004968
005042
005050
005156
005175
005232
005291
005389
005402
005502
005764
006190
006250
006257
006420
006616
006687
006824
007369
007418
007681
008185
008269
008459
008539
008575
008816
008840
009164
009302
009524
010051
010494
010541
010574
010652
010938
010939
011384
011395
011404
011439
011463
011981
012171
012199
012269
012305
012595
012628
012904
012925
012939
013080
013092
013164
013482
013498
013723
013763
013846
014371
014564
014660
014870
015196
015203
015346
015383
015572
015799
015813
015853
015871
016070
016078
016212
016239
016250
016337
016510
016643
016759
016828
016892
017042
017218
017334
017373
017521
017579
017910
018138
018245
018572
018616
000034
000080
000237
000302
000407
000447
000777
001061
001379
001468
001526
001567
001574
001695
002067
002414
002695
002747
002964
002974
002990
003243
003249
003274
003437
003456
003783
003970
004116
004139
004261
004321
004619
004657
004759
004825
004910
005024
005321
005437
005594
005719
005965
006000
006088
006232
006662
006758
006912
006969
007298
007491
007874
008308
008359
008415
008423
008512
008579
008588
008598
008722
008947
009101
009112
009237
009295
009308
009809
009822
009858
009937
010026
010191
010251
010438
011003
011006
011010
011235
011321
011843
011969
012127
012424
012747
012968
013212
013322
013589
013762
014188
014298
014308
014574
014887
014956
015085
015088
015120
015278
015424
015467
015880
016071
016094
016319
016416
016467
016522
016571
016790
016834
016997
017268
017321
017548
017562
017848
017891
018048
018095
018168
018244
018306
018564
000091
000103
000295
000376
000849
000966
001133
001314
001324
001374
001422
001543
001658
001741
001834
001888
001918
002178
002248
002319
002524
002785
002812
003201
003203
003247
003307
003725
003955
003989
004400
004469
004761
004924
005029
005073
005107
005518
005676
005696
006052
006191
006238
006444
006556
006557
006620
006910
006994
007045
007488
007659
007712
007887
007906
008381
008963
009080
009085
009136
009156
009467
009887
010073
010172
010176
010242
010312
010383
010429
011088
011097
011129
011142
011155
011226
011533
011755
011894
012190
012228
012265
012411
013126
013223
013341
013465
013700
013812
013896
014050
014084
014237
014351
014415
014448
014575
014929
014950
015039
015047
015103
015183
015279
015309
015637
015790
016180
016222
016517
016628
016821
016987
017072
017157
017295
017502
017526
017656
017911
017973
018321
018407
018422
018483
018535
000068
000113
000329
000345
000614
000790
000898
000974
000993
001092
001211
001447
001548
001578
001677
001733
001838
002085
002352
002370
002673
002936
003086
003164
003179
003265
003466
003852
004059
004187
004540
004553
005014
005239
005251
005306
005396
005456
005491
005547
005623
005633
005854
006521
006727
006756
006806
006877
006964
007153
007279
007326
007395
007635
007702
007877
008401
008438
008730
008766
008776
009294
009355
010441
010975
011022
011033
011169
011178
011621
011649
011868
011896
012328
012335
012398
012450
012531
012636
012701
012733
012768
012868
012970
013402
013489
013521
013638
013828
014027
014060
014133
014386
014467
014491
014908
015030
015036
015126
015167
015420
015475
015560
015755
015784
015907
016104
016154
016316
016358
016417
016641
016708
016733
016771
016836
017076
017082
017101
017187
017345
017467
017775
018119
018471
018628
000172
000496
000884
000923
001182
001184
001902
002386
002515
002684
002825
002883
003320
003325
003884
003986
004007
004012
004828
004923
005063
005506
005507
005510
005522
005841
005942
006274
006342
006361
006507
006568
006579
006626
006671
006708
006901
007006
007319
007341
007495
007539
007611
007614
007711
008397
008519
008631
008674
008739
008915
009079
009217
009258
009298
009340
009466
009475
009630
009787
009856
010120
010197
010201
010228
010345
010571
011195
011239
011265
011421
011492
011510
011684
011734
011924
012056
012091
012103
012309
012444
012739
013021
013217
013442
013711
013750
013764
013799
013887
013925
013927
014315
014388
014422
014499
014670
014938
014981
015010
015093
015361
015455
015525
015618
016230
016272
016354
016414
016547
016602
016747
016824
016883
016967
016986
017013
017020
017586
017678
017703
017767
018104
018162
018268
018399
000502
000737
000747
000886
000921
001033
001126
001262
001499
001631
001642
001711
001849
002029
002141
002239
002435
002775
002832
002892
003219
003300
003333
003486
003490
003579
003848
004240
004614
004636
004834
004978
005001
005274
005281
005304
005436
005585
005681
006102
006317
006366
006628
006676
007342
007477
007637
007688
007921
007997
008146
008568
008591
009099
009226
009255
009271
009590
009958
010022
010052
010078
010336
010365
010486
010528
010616
010817
010896
010976
011019
011048
011161
011219
011301
011485
011490
011499
011569
011681
011908
011990
012118
012261
012509
012526
012544
012554
012578
012832
013007
013333
013461
013476
013496
013599
013619
014012
014041
014182
014273
014307
014363
014381
014603
014794
015027
015277
015470
015845
015906
016132
016355
016443
016514
016559
016600
016664
016749
017301
017303
017461
017559
018115
018438
018613
000009
000029
000047
000142
000174
000276
000605
000645
000730
000802
001007
001275
001425
001570
001668
001743
001819
002060
002195
002287
002406
002711
002781
002844
002871
003034
003242
003322
003337
003373
003847
004221
004524
004606
004725
004785
004931
005494
005621
005940
005960
006093
006178
006382
006432
006692
006860
007229
007285
007294
007435
007459
007575
007785
008056
008131
008192
008277
008293
008715
009187
009268
009324
009360
009471
009506
009734
009967
010298
010535
010536
010614
010697
010728
010731
010920
010977
011069
011070
011212
011483
011578
011581
011744
011801
011841
011867
011914
011930
012092
012232
012244
012268
012341
012499
012572
012786
013089
013096
013241
013376
013429
013967
014387
014606
014662
014774
014813
014937
015041
015415
015481
015521
015855
015889
015998
016018
016183
016323
016425
016811
016817
016999
017282
017815
018157
000215
000566
000600
000650
000680
000748
000883
001270
001746
001796
001909
002066
002156
002351
002489
002732
002760
003102
003122
003252
003255
003256
003273
003451
003651
003686
003807
003931
003974
004050
004109
004215
004497
004782
005006
005407
006031
006227
006371
006439
006586
006592
006907
007180
007266
007344
007427
007510
007727
007983
008079
008128
008153
008410
008723
008834
008958
009012
009248
009285
009334
009546
009560
009689
009883
010136
010245
010418
010468
010540
010544
010737
011151
011162
011220
011260
011389
011393
011996
012015
012573
012596
012759
012826
013244
013353
013455
013531
013556
013633
013731
013844
014134
014258
014740
014799
015349
015534
015590
015613
015650
016152
016329
016369
016774
016990
017004
017010
017056
017142
017234
017350
017469
017583
017646
017713
017823
017984
017997
018005
018015
018233
018305
018319
018565
018612
000020
000081
000373
000480
000516
000572
000958
001079
001246
001306
001325
001508
001887
001990
002179
002260
002293
002426
003050
003079
003112
003277
003390
003477
003678
003927
004022
004279
004332
004368
004406
004521
004711
004719
005061
005086
005337
005340
005376
005598
005618
005699
005751
005791
005899
005911
006007
006009
006055
006068
006360
006514
006575
006759
006941
006982
007277
007423
008290
008464
008478
008520
008625
008642
008822
008917
009033
009272
009578
009712
009798
009910
010183
010248
010269
010323
010442
010753
010942
011008
011045
011127
011270
011678
011803
012005
012162
012405
012446
012708
012815
012944
013060
013081
013113
013149
013449
013478
013499
013840
013888
013912
013942
014057
015124
015280
015756
015913
016281
016439
016474
016829
017036
017212
017255
017297
017361
017385
017421
017737
017742
017899
017959
017962
018435
018533
000026
000027
000288
000842
000844
000963
001183
001217
001341
001452
001477
001563
002002
002003
002306
002574
002582
002798
002855
002952
003080
003406
003488
003509
003611
003799
003850
003946
003997
004173
004235
004485
004518
004589
004726
004794
005018
005412
005467
005556
005804
005855
006099
006200
006261
006344
006386
006583
006896
007149
007562
007840
007879
007929
008025
008039
009094
009182
009273
009283
009303
009372
009422
009427
009538
009918
009969
010158
010168
010484
010526
010691
010762
010774
010887
010891
010894
010943
011060
011412
011632
011845
012563
012660
012668
012675
012931
012951
013132
013319
013334
013339
013428
013894
013999
014055
014104
014112
014130
014219
014264
014344
014552
014590
014601
014645
014806
014822
014987
014999
015113
015366
015868
015969
016042
016405
016468
016488
016770
017084
017276
017653
017679
017966
018349
018608
000301
000396
000416
000507
000774
000818
000976
001142
001228
001239
001267
001358
001663
001673
001755
001804
001950
002127
002175
002192
002501
002572
002687
002701
002801
002959
003015
003057
003211
003557
003612
003653
003677
004034
004228
004347
004522
004536
004685
004716
004727
004888
005039
005079
005208
005305
006104
006141
006295
006441
006554
006622
006710
006785
007055
007072
007170
007361
007661
007802
007803
007806
008224
008283
008339
008345
008681
008749
008940
009160
009178
009296
009299
009496
009802
010170
010214
010220
011193
011284
011371
011464
012551
012568
012580
012624
012650
012665
012984
013418
013452
013721
014179
014249
014257
014267
014589
014624
014788
015661
015766
015836
015993
016019
016150
016232
016309
016548
016905
016911
017050
017202
017251
017314
017509
017530
017670
017765
017773
017845
017930
017983
018003
018008
018596
018622
000033
000035
000160
000489
000512
000613
000656
000825
000854
000891
001028
001143
001148
001236
001337
001542
001626
001644
001675
001729
001803
001829
002686
002691
003003
003009
003020
003229
003378
003398
003496
003876
003979
004084
004327
004371
004396
004706
004928
005333
005486
005711
005859
005861
006175
006199
006319
006346
006442
006801
006879
006920
007005
007832
007947
008005
008024
008182
008183
008184
008250
008446
008565
009130
009212
009682
009826
009897
010072
010108
010538
010617
010983
011208
011215
011290
011656
012032
012088
012330
012368
012456
012492
012658
012744
012764
012848
012922
012979
012989
013071
013184
013264
013282
013409
013436
013469
013568
013754
014402
014486
014954
015064
015129
015223
015339
015610
015704
015719
015805
016074
016179
016203
016217
016438
016680
016752
016927
017150
017375
017403
017536
017552
017589
018350
018393
000001
000118
000132
000272
000339
000518
000564
000580
000593
000629
000754
000771
000959
001135
001297
001458
001485
001537
001670
001708
001766
001876
001971
002241
002322
002412
002624
002662
002884
003281
003665
003965
004322
004451
004466
004503
004526
004663
004854
004982
005171
005266
005308
005604
005725
005883
006111
006138
006443
006698
006829
006894
006922
007003
007040
007156
007241
007507
007560
007588
007662
007716
008002
008117
008220
008358
008409
008513
008740
008808
008910
009147
009365
009614
009699
009728
009841
009868
009995
010196
010436
010543
010572
010820
011095
011768
011967
012377
012397
012486
012542
012785
013039
013154
013268
013313
013413
013415
013525
013659
014356
014464
014966
015025
015147
015202
015206
015389
015444
015492
016245
016390
016446
016448
016575
016634
016735
016793
016797
016936
017104
017207
017399
017525
017528
018086
000030
000116
000347
000698
000848
001101
001243
001406
001516
001539
001886
002143
002416
002424
002544
002731
002885
003162
003217
003326
003342
003464
003644
003716
003944
004027
004338
004382
004472
004819
004857
005092
005205
005225
005276
005511
005589
005799
005964
006392
006416
006476
006667
006828
006963
007066
007175
007317
007470
007524
007557
007657
007749
007911
007919
007959
008023
008062
008686
009378
009382
009526
009828
009878
009968
009983
009996
010119
010169
010423
010522
010560
010689
010785
011403
011610
011977
012090
012250
012334
012706
012842
013185
013190
013192
013210
013304
013578
013662
013759
013899
014052
014103
014143
014156
015137
015214
015592
015614
015695
015809
016030
016118
016192
016200
016586
016701
016740
016837
016887
017048
017083
017208
017402
017440
017441
017619
017696
017719
018037
018124
018223
018369
018377
018456
018492
000056
000065
000398
000561
000655
000677
000740
000823
000837
000914
001027
001048
001174
001346
001352
001430
001576
001879
001919
001928
002154
002455
002484
002611
003029
003037
003186
003323
003355
003476
003729
003895
003918
004302
004314
004532
004535
004643
004680
004769
004860
005279
005408
005993
006166
006505
006938
007206
007217
007250
007519
007570
007586
007672
007932
008000
008413
008501
008775
008780
009073
009120
009144
009162
009288
009468
009811
010094
010110
010195
010255
010340
010917
011133
011174
011248
011302
011396
011400
011466
011468
011486
011767
012272
012737
012782
012806
012958
013034
013177
013228
013426
013508
013900
013971
014517
014993
014997
015143
015299
015314
015370
015385
015439
015683
015769
015865
015874
015972
016112
016134
016153
016301
016544
016553
016698
016715
016768
017330
017463
017776
018148
018188
018556
018566
018593
000051
000384
000755
000792
000956
000995
001073
001610
001664
001706
001791
001833
002008
002020
002262
002265
002355
002516
002535
002536
002769
002782
002938
003005
003093
003124
003174
003189
003296
003411
003581
003585
004128
004196
004337
004403
004459
004492
004506
004601
004686
004724
004781
004829
005998
006474
007199
007234
007322
007616
007746
007890
008141
008206
008244
008342
008643
008778
008812
008923
008998
009031
009081
009284
009450
009572
009683
010139
010385
010677
010800
010964
011213
011293
011386
011522
011728
011864
011880
011895
012216
012530
012577
012751
012853
012887
013041
013377
013523
013549
013565
013781
013879
014127
014144
014175
014565
014634
014766
014851
014953
015008
015022
015121
015128
015220
015262
015304
015423
015541
015577
015746
015896
016537
016627
016902
016977
017019
017033
017478
017745
017756
017913
018030
018170
018371
000000
000159
000255
000282
000324
000330
000789
000830
000990
001214
001329
001391
001572
001603
001703
001893
002064
002592
002640
002826
002895
003334
003351
003433
003872
004000
004013
004482
004551
004773
004866
005203
005246
005386
005528
005614
005836
005920
006026
006070
006339
006365
006368
006414
006542
006587
007362
007492
007522
007576
007664
007810
007848
007858
008239
008627
008691
008736
008936
009004
009206
009458
009767
009865
010032
010118
010185
010230
010493
010640
011144
011247
011259
011299
011750
012086
012181
012302
012541
012594
012720
012784
012796
012829
012932
013053
013200
013393
013825
013991
014025
014214
014336
014597
014609
014652
014964
014996
015019
015048
015067
015164
015398
015399
015417
015518
015826
016162
016308
016407
016460
016500
016535
016622
016944
017009
017096
017381
017401
017468
017912
018068
018215
018320
018578
018617
000064
000200
000280
000321
000662
000768
001261
001575
001628
001801
002030
002046
002053
002549
002605
002719
002803
002986
003056
003073
003452
003705
003934
004164
004576
004621
004655
004796
005149
005234
005414
005610
005709
005721
006051
006273
006281
006489
006598
006605
006636
006715
006723
006867
006939
007010
007140
007291
007314
007320
007600
007673
007675
007782
008029
008107
008356
008632
008644
008743
008771
008798
009028
009039
009072
009516
009593
010023
010035
010302
010329
010347
010375
010458
010946
010974
011086
011198
011705
012009
012304
012558
012588
012602
012741
012828
013030
013070
013424
013500
013647
013757
013945
014109
014238
014274
014341
014627
014725
014876
014904
015082
015374
015512
015523
015562
015565
015678
016002
016396
017176
017203
017448
017529
017577
017606
017615
017701
017831
017897
018113
018184
018242
018334
018495
018523
000499
000764
000938
001190
001250
001326
001588
001840
002103
002126
002459
002757
002881
002939
003046
003109
003131
003223
003266
003288
003384
003555
003755
003887
003987
004015
004110
004223
004224
004376
004447
004504
004808
005117
005191
005270
005359
005445
005555
005787
005801
005852
006128
006224
006260
006566
006835
007063
007080
007239
007373
007798
007927
008154
008325
008493
008745
008811
008813
008881
008928
009161
009230
009278
009369
009393
009574
009605
009703
009938
010007
010514
011315
011720
011791
011798
012110
012122
012124
012284
012326
012472
012556
012789
012834
012902
012913
012965
013104
013162
013274
013303
013357
013371
013477
013609
013689
013997
014250
014409
014751
014767
014836
014868
015119
015285
015433
015693
015925
015929
016061
016270
016406
016449
016744
016799
016958
017655
017759
017811
017955
018158
018241
018299
018347
018537
000267
000275
000289
000652
000765
000871
001221
001255
001445
001465
001617
002036
002095
002109
002137
002400
002891
003117
003448
003638
003660
003697
003765
003825
003879
004099
004285
004335
004345
004533
004594
004735
004827
004935
005067
005213
005317
005388
005425
005443
005869
005909
005971
006157
006321
006494
006690
006767
006944
007036
007122
007506
007514
007537
007724
008017
008693
009021
009087
009170
009400
009610
009648
009708
009846
009885
009945
009971
009976
010104
010133
010157
010164
010256
010854
011191
011444
011526
011815
011945
012793
012813
012824
012901
012912
013037
013078
013137
013224
013249
013537
013877
013938
014241
014484
014485
014505
014615
014705
014764
015002
015983
015994
016113
016234
016293
016313
016327
016523
016638
016667
016802
016861
016894
016917
017183
017360
017455
017779
017978
018078
018129
018266
018274
018315
018633
000191
000594
000617
000689
000806
000813
000904
001203
001311
001527
001728
001821
001827
002823
002913
002923
003047
003184
003202
003348
003500
003542
003666
003820
003828
004044
004051
004425
004613
004838
005173
005209
005366
005410
005501
005755
005928
006133
006242
006490
006633
006685
006933
007048
007166
007176
007429
007461
007625
007865
007981
008061
008296
008334
008379
008432
008595
008809
008818
009071
009098
009500
009509
009540
009675
009816
010129
010263
010274
010352
010863
010984
011000
011089
011094
011540
011777
011983
012097
012102
012121
012241
012242
012443
012585
012667
012841
012872
012914
013116
013276
013641
013771
013987
014111
014635
014881
015045
015192
015365
015414
015482
015688
015884
015982
016109
016480
016831
017017
017102
017153
017315
017433
017612
017921
018043
018044
018088
018265
018282
018359
018419
018462
018470
018488
018579
001254
001645
002470
002551
002767
002932
002963
003097
003432
004062
004094
004151
004340
004541
004802
004939
005002
005021
005269
005307
005329
005727
005768
005772
005777
006078
006145
006357
006429
006499
006850
007084
007377
007402
007475
007515
007559
007648
007888
007926
008106
008171
008412
008429
008449
008462
008571
008748
008805
008858
008889
008981
009042
009053
009131
009225
009691
010047
010163
010175
010928
011164
011167
011172
011446
011547
011593
011692
011881
011949
012075
012078
012138
012179
012491
012713
012892
012988
013008
013046
013057
013446
013732
013745
013794
013964
013975
014002
014117
014233
014245
014272
014323
014348
014412
014654
014700
014847
014957
014977
014985
015017
015053
015454
015519
015640
015698
015990
016004
016400
016401
016491
016662
017011
017224
017267
017413
017535
017700
017859
017948
018128
018252
018289
018372
018569
000016
000156
000165
000178
000298
000311
000474
000523
000808
001056
001181
001800
001809
001831
002006
002077
002488
002718
002776
002777
002805
003204
003589
003593
003763
004039
004041
004156
004179
004360
004652
004814
004919
005076
005126
005241
005565
005840
005917
006005
006131
006155
006246
006436
007081
007129
007154
007163
007184
007186
007197
007593
007619
007836
007916
007917
008276
008333
008668
008971
009373
009850
009880
010318
010331
010465
010611
010798
010829
010880
011005
011112
011202
011203
011262
011616
011647
011809
011943
011982
012020
012042
012046
012047
012262
012276
012404
012553
012646
012810
013103
013701
013793
013810
013831
013837
013910
014169
014300
014429
015212
015515
015596
015682
015935
015938
016021
016077
016142
016145
016161
016229
016356
016372
016672
016874
017120
017136
017475
017739
017992
018009
018087
018094
018227
018270
000323
000363
000695
000998
001114
001149
001724
001808
001842
001875
001892
001948
002019
002025
002431
002468
002648
002888
002889
002921
003294
003335
003381
003385
003441
003855
003967
004003
004352
004479
004543
004746
004755
005031
005137
005174
005275
005302
005424
005474
005537
005735
005812
006042
006423
006488
006684
006749
006752
006782
006857
006949
007073
007144
007531
007682
008048
008175
008255
008361
008435
008452
008768
008824
009745
009748
009784
009835
009901
010050
010539
010721
011061
011124
011154
011608
011838
011882
011926
011944
012360
012888
013121
013139
013140
013193
013211
013305
013337
013972
014090
014553
014750
014757
014768
014863
014905
015009
015096
015509
015552
015589
015601
015631
015872
015875
015908
015927
015958
015964
016246
016486
016593
016704
016751
017133
017443
017447
017648
017690
017782
018181
018431
018436
018450
018595
000059
000521
000559
000922
001357
001360
001416
001573
001845
001889
001924
002005
002123
002207
002457
002475
002588
002642
003066
003350
003623
003727
003951
004020
004053
004079
004119
004160
004276
004305
004423
004467
004475
004529
004660
004841
005131
005145
005375
005561
005632
005656
005669
005833
005890
005896
005902
005926
006172
006202
006394
006511
006875
007090
007651
007752
007845
007861
008050
008634
008777
008916
009115
009512
009600
009742
009839
010090
010135
010670
010963
011081
011179
011241
011318
011487
011556
011962
012152
012372
012441
012627
012630
012754
012896
013062
013204
013294
013567
013736
014194
014292
014353
014916
015075
015153
015186
015222
015303
015359
015410
015712
015773
015932
015944
015946
016242
016543
016573
016726
016869
017081
017089
017093
017148
017313
017506
017527
017554
017790
017841
018081
018133
018204
018398
018605
000133
000421
000851
001066
001338
001381
001594
001629
001679
001748
001896
001907
002160
002184
002497
002505
002958
002975
003484
003627
003972
003976
004067
004121
004544
005013
005023
005094
005218
005271
005345
005892
006037
006289
006538
006590
006611
006783
006807
006844
006921
007085
007189
007530
007577
007710
007910
008031
008515
008592
008661
008696
008866
008888
009150
009353
009577
009724
009854
009913
010075
010299
010326
010449
010460
011080
011115
011200
011300
011323
011422
011460
011571
011583
012028
012320
012348
012641
012716
012864
013099
013128
013146
013196
013221
013231
013326
013777
013845
014056
014065
014148
014430
014640
014892
014909
014911
015179
015180
015616
015665
015714
015920
016100
016211
016359
016508
017092
017189
017228
017277
017323
017338
017420
017566
017601
017695
017708
017835
017887
018032
018142
018316
018324
018357
018559
000076
000102
000326
000340
000375
000427
000428
000797
000903
000952
001015
001559
001716
001754
001938
001986
001994
002329
002341
002587
002752
002763
002789
003298
003533
003564
003580
003952
003998
004005
004426
004690
004807
004903
005268
005440
005900
005952
005966
006066
006192
006219
006231
006413
006447
006574
006751
006999
007205
007392
007792
007843
007962
008057
008109
008383
008530
008713
008890
009151
009341
009376
009418
009611
009876
009964
010445
010471
010634
010927
011324
011380
011437
011780
011818
011844
012011
012144
012346
012361
012555
012689
012738
012790
012830
012923
013058
013174
013364
013434
013660
013758
013974
014124
014209
014385
014773
014914
014979
015266
015405
015571
015696
015816
015867
015887
016033
016035
016243
016387
016469
016702
016913
017054
017240
017415
017431
017513
017549
017787
017892
017905
017982
018122
018259
018290
000287
000343
000636
000648
000798
001053
001269
001320
001718
001737
001848
002122
002220
002552
002726
003027
003176
003503
003745
004009
004231
004318
004445
004454
004484
004806
004892
005381
005461
005531
005659
005713
005906
005972
006118
006206
006221
006407
006530
006762
006849
006880
007193
007446
007471
007602
007624
007634
007830
007866
007880
007984
008030
008198
008351
008527
008737
008830
009095
009118
009307
009399
009919
010005
010337
010524
010582
010660
010901
011236
011407
011737
011830
011847
011861
011954
012055
012399
012403
012625
012753
012843
013064
013293
013331
013411
013438
013459
013873
014049
014070
014153
014328
014406
014482
014509
014605
014611
014684
014708
014888
014986
015425
015488
015501
015724
015822
016005
016107
016178
016244
016331
016343
016348
016370
016612
017051
017130
017376
017501
017717
017846
018109
018445
018525
018630
000423
000506
000602
001013
001140
001158
001189
001212
001456
001478
001493
001837
002234
002372
002434
002808
002896
002940
003062
003146
003156
003530
003578
003882
003959
004017
004184
004198
004208
004342
004348
004355
004380
004436
004801
004954
004986
005011
005016
005344
005485
005674
005723
005737
005771
005773
005947
005988
005999
006028
006041
006047
006058
006358
006539
006658
006672
006800
007031
007275
007303
007393
007594
007729
008265
008268
008510
008659
008898
009274
009316
009632
009704
010237
010297
010537
010787
010855
010929
011046
011390
011431
011722
011871
012714
012719
012783
012814
012871
013001
013074
013836
014149
014155
014207
014441
014586
014681
014752
014789
014930
014949
015060
015065
015201
015348
015453
015791
015803
015812
015966
016728
017035
017057
017151
017194
017316
017674
017718
017766
017793
017801
017874
018318
018541
018547
000006
000097
000210
000389
000513
000887
000936
001160
001286
001333
001495
001702
001839
002194
002199
002282
002460
002533
002676
002692
002988
003004
003006
003008
003172
003364
003577
003650
003684
003823
003994
004040
004178
004254
004298
004419
004732
006027
006060
006258
006478
006548
007142
007256
007398
007550
007855
008047
008466
008472
008491
008498
008615
008716
008742
008880
008894
009078
009192
009454
009654
009833
009871
009997
010017
010044
010046
010049
010122
010179
010254
010276
010373
010381
010499
010690
010954
011014
011116
011131
011136
011157
011325
011512
011596
011617
012030
012349
012373
012471
012520
012723
012731
012752
012772
012866
013396
013673
013769
013802
013852
013931
014159
014162
014291
014832
014853
014865
015188
015848
016089
016760
016890
016941
017141
017261
017369
017425
017544
017610
017879
018046
018269
018327
018340
018554
000090
000335
000766
000867
001071
001131
001208
001268
001464
001523
001582
001589
001595
001691
001713
002059
002161
002428
002554
002761
003025
003081
003085
003092
003324
003590
003806
003929
003975
004074
004742
004786
004822
004886
004897
005460
005524
005533
005741
005744
005866
005979
006326
006540
006653
007019
007356
007564
007652
007725
007796
007857
007886
008092
008556
008781
008986
009030
009133
009313
009464
009612
009907
009908
009912
010529
010589
010603
010609
010770
010826
010906
011196
011230
011335
011401
011565
011628
011669
011874
011937
011955
012054
012069
012214
012285
012329
012333
012427
012493
012742
012942
012971
013028
013383
013387
013473
013620
013862
013956
014280
014497
014860
015074
015412
015418
015785
015810
016101
016130
016300
016415
016483
017065
017068
017172
017298
017406
017498
017789
017812
017895
017932
018016
018234
018342
000190
000406
000458
000690
000728
001008
001408
001446
002236
002281
002326
002358
002436
002522
002562
002669
002784
002794
002841
002907
003038
003205
003424
003794
003928
004021
004068
004245
004250
004315
004434
004548
004770
004898
005114
005653
005963
006015
006025
006310
006555
006606
006699
006831
006937
007214
007263
007310
007717
007753
007847
007885
007889
008162
008456
008502
008862
009350
009657
009769
009795
009815
009866
010025
010080
010338
010548
010624
010748
010837
010845
010968
011047
011378
011586
011639
011751
012033
012290
012380
012392
012512
012610
012647
012820
013029
013203
013503
013581
013790
013830
013869
013882
014122
014167
014208
014261
014595
014607
014925
014946
015061
015344
015384
015564
015582
015642
015860
015890
015924
015942
016085
016184
016391
016472
016663
016767
017156
017317
017697
018034
018225
018231
018297
018420
018632
000365
000451
000644
001340
001637
001686
001731
001799
002120
002218
002407
002540
002623
002633
002770
002831
002859
002930
003238
003328
003575
003889
003902
004212
004462
004488
004512
005259
005311
005488
005490
005574
005693
005850
005929
006233
006272
006393
006630
006654
006736
006904
006911
006935
007162
007469
007482
007484
007545
007737
007839
007985
008081
008343
008471
009074
009121
009142
009434
009557
009580
009722
009794
009896
009933
009941
010100
010523
010804
011296
011701
011707
011735
012275
012600
012685
012687
012787
012983
013002
013156
013207
013368
013595
013814
014095
014140
014229
014361
014393
014514
014524
014569
014962
015086
015151
015368
015745
015916
015995
016117
016135
016276
016317
016338
016408
016499
016626
016860
017047
017098
017125
017283
017326
017379
017481
017634
017914
018061
018325
018331
018412
018428
018433
018481
018626
000125
000170
000262
000342
000344
000433
000576
000673
000713
000983
001281
001369
001546
001749
001923
002017
002040
002226
002387
002512
002815
002847
002848
002849
002902
003360
003695
003698
004357
004545
004634
004815
004877
004950
005010
005020
005116
005136
005238
005634
005685
006373
006706
006827
006832
006978
007169
007224
007339
007345
007487
007556
007612
007823
008210
008261
008365
008580
009076
009417
009678
009852
009906
010083
010369
010371
010428
010467
010519
010542
010706
010840
010955
010992
011026
011114
011180
011194
011498
011611
012345
012800
012936
013232
013271
013278
013288
013291
013386
013422
013427
013610
013905
014064
014282
014594
014613
014657
014734
014885
014893
015247
015350
015426
015703
015829
015954
016031
016275
016280
016351
016379
016966
017147
017479
017532
017540
017542
018050
018174
018195
018312
018376
018384
018392
018511
000008
000071
000140
000158
000294
000314
000615
000646
000868
001031
001247
001291
001339
001376
001441
001660
001692
002069
002135
002331
002332
003053
003141
003302
003357
003376
003479
003546
003652
003722
003771
003878
004008
004146
004170
004358
004367
004405
004569
005037
005055
005227
005367
005382
005630
005925
005927
005978
006050
006171
006176
006518
006615
006965
007061
007223
007440
007605
007626
007863
007897
008020
008052
008075
008110
008177
008201
008271
008299
008319
008538
008607
009236
009562
009693
009753
010002
010241
010565
010608
010658
010819
011065
011322
011348
011448
011557
011620
011749
011984
012203
012217
012312
012582
012947
013362
013398
013440
013463
013579
013588
014230
014459
014474
014570
014593
014676
015014
015142
015321
015713
015918
016311
016564
016690
016796
016898
017032
017140
017975
018159
018194
018345
018454
018584
018603
000014
000037
000230
000639
000757
000933
000973
001063
001086
001147
001171
001292
001388
001455
001469
001470
001481
001568
001581
001844
001925
002956
003425
003514
003565
003596
003655
003793
003903
004319
004372
004393
004429
004511
004609
004779
004820
004858
004989
005077
005093
005394
005462
005671
005687
005760
005830
006315
006580
006780
006926
006948
007087
007544
007686
007700
007741
007883
008032
008301
008476
008666
008865
009297
009325
009472
009492
009796
009930
010194
010199
010285
010287
011079
011093
011756
011795
012131
012224
012286
012359
012384
012394
012513
012605
013108
013297
013566
013615
013654
013988
014045
014139
014496
014530
014533
014760
014848
014968
015198
015258
015416
015676
016011
016265
016413
016551
016597
016843
016933
016975
017021
017384
017414
017444
017565
017568
017723
017807
017834
017950
018079
018303
018440
018503
018519
000036
000077
000533
000954
001117
001316
001577
001968
002028
002224
002418
002584
002734
002820
002868
003055
003434
003703
003752
003982
004045
004147
004457
004749
004810
004974
004995
005240
005282
005478
005648
006022
006230
006335
006437
006724
006764
006795
007043
007068
007261
007335
007383
007434
007797
007828
007944
008115
008241
008264
008407
008545
008601
008608
008669
008695
008867
009045
009134
009229
009310
009483
009531
009561
009720
009925
010112
010132
010202
010271
010304
010349
010409
010410
010643
010647
010666
010695
010856
011288
011434
011682
011760
011813
011872
012146
012197
012280
012498
012527
012817
012881
012919
013379
013481
013768
013986
014007
014026
014166
014228
014365
014582
014667
014730
014786
015108
015232
015364
015844
015996
016204
016581
016676
016737
016743
017028
017129
017169
017304
017382
017754
017884
018293
018301
018452
000316
000383
000399
000565
000619
000685
000753
000877
000947
001194
001409
001431
001549
001627
001638
001859
002012
002276
002397
002816
003089
003118
003382
003399
003473
003517
003526
003609
003672
003751
003964
004885
004917
005325
005464
005503
005763
005948
005983
006034
006116
006130
006222
006354
006397
006496
006744
007181
007276
007334
007370
007693
007825
007850
007852
007853
007905
008033
008176
008195
008992
009266
009361
009455
009732
009764
009843
010029
010039
010103
010116
010351
010419
010435
010924
011266
011361
011575
011589
011696
011714
011715
011824
012130
012436
012721
012851
013006
013066
013136
013483
013516
013550
013614
013699
013742
013917
013950
013982
014400
014732
015216
015305
015510
015593
015730
015786
016062
016186
016347
016598
016635
016730
017119
017227
017263
017341
017504
017571
017784
017798
017854
018053
018202
018366
018425
000189
000434
000476
000862
001019
001050
001074
001187
001354
001503
001534
001689
002197
002499
002603
002705
002740
003076
003285
003584
003680
003864
004081
004087
004127
004140
004286
004325
004444
005017
005165
005441
005498
005542
005715
005724
005810
005823
005922
005950
006081
006143
006431
006460
006585
006721
006861
007173
007222
007412
007697
007704
007751
007878
008013
008041
008089
008132
008242
008402
008529
008621
008676
008861
008873
008893
008920
009043
009052
009135
009449
009686
009707
009761
009952
010324
010623
010651
010832
010996
011020
011027
011102
011455
011488
011597
012010
012316
012390
012637
012761
012877
012929
013035
013088
013318
013375
013597
013666
013889
014174
014265
014355
014737
014777
014842
014889
014975
015595
016043
016392
016424
016476
016560
016631
016666
016835
016956
017173
017286
017371
017492
017694
018161
018531
018563
000058
000138
000341
000387
000534
000586
000651
000721
000950
001137
001152
001167
001173
001300
001401
001467
001690
001785
001798
001987
002092
002144
002405
002482
002694
002809
002905
003123
003428
003431
003856
003957
004169
004413
004431
004519
004591
004597
004651
004813
005019
005278
005290
005496
005731
005753
005990
006108
006210
006352
006545
006618
006738
006906
006951
007188
007527
007555
007660
007691
007723
007924
007968
008139
008619
008853
009063
009198
009423
009519
009656
009935
010021
010673
011185
011317
011746
011778
011903
011978
012061
012070
012679
012838
013013
013524
013552
013730
013776
014029
014051
014102
014145
014212
014389
014475
014689
015072
015296
015331
016067
016124
016171
016199
016328
016341
016342
016344
016362
016502
016579
016945
016985
017419
017626
017628
017760
017806
018056
018101
018147
018235
018236
018298
018356
018610
000042
000222
000229
000304
000470
000688
000696
000855
000944
001041
001084
001835
001960
002145
002159
002182
002625
003071
003103
003209
003327
003341
003682
003691
003718
003733
003758
003801
003890
003909
003942
004282
004422
004555
004628
004890
004946
005558
005640
005936
006038
006062
006168
006433
006696
006960
007269
007982
008150
008391
008508
009203
009339
009379
009470
009606
009723
009890
009950
010066
010121
010279
010533
010945
010981
010982
011465
011717
011928
012000
012379
012473
012639
012677
012698
012776
012941
013025
013106
013161
013199
013215
013222
013327
013391
013854
013963
013970
014042
014053
014072
014223
014372
014413
014668
014761
014898
015005
015073
015144
015255
015443
015666
015702
015864
015886
016201
016334
016436
016930
017002
017062
017200
017388
017458
017464
017524
017578
017792
017893
018012
018019
018076
018134
018594
018620
000228
000531
000624
000640
000752
000763
000977
001166
001232
001259
001302
001356
001899
002014
002171
002394
002537
002791
003262
003271
003272
003619
003634
003780
003809
003924
003949
004385
004407
004610
004615
004654
004872
005182
005413
005626
005730
006350
006417
006549
006565
006578
006603
007047
007110
007195
007231
007244
007330
007481
007504
007655
007951
007978
008009
008022
008084
008187
008257
008599
008633
008685
008731
008891
008988
009127
009169
009446
009886
010068
010362
010708
010864
010934
011038
011051
011139
011159
011163
011281
011379
011772
011888
011906
012026
012192
012249
012423
012996
013054
013063
013115
013554
013564
013904
014005
014286
014335
014435
014724
014872
015028
015149
015165
015227
015233
015290
015396
015569
015725
016028
016366
016484
016532
016647
016648
016974
017195
017561
017585
017647
017816
017942
017977
018127
018254
000017
000082
000378
000465
000471
000558
000880
001022
001115
001155
001284
001298
001428
001710
001790
001805
002031
002071
002288
002738
002998
003269
003407
003408
003494
003540
003628
003835
003892
004343
004449
004507
004744
004976
005040
005099
005103
005202
005416
005451
005716
005806
005914
006396
006725
007044
007473
007568
007699
007734
007884
008082
008169
008172
008193
008360
008504
008630
008860
009007
009009
009108
009220
009253
009672
010303
010343
010516
010558
010909
011030
011391
011440
011790
011826
012270
012477
012569
012850
012855
012910
013155
013359
013464
013492
013544
013637
013710
013755
013918
014069
014798
014963
015267
015275
015323
015393
015496
015507
015545
015747
015753
016140
016299
016466
016524
016742
016873
017073
017171
017204
017249
017299
017312
017359
017362
017434
017881
017889
017898
017952
018263
018308
018383
018516
018599
000057
000152
000234
000336
000445
000934
001036
001042
001296
001366
001448
001513
001524
001773
001995
002119
002173
002273
002440
002616
002750
002797
002802
002854
002919
003149
003538
003845
004029
004486
004534
004579
004738
004777
004883
005004
005097
005224
005459
005548
005622
005819
005897
005944
006006
006057
006059
006135
006254
006337
006455
006513
006621
007419
007448
007489
007674
007689
008179
008786
008806
008878
008911
008972
009231
009259
009267
009677
009838
009960
010221
010249
010492
010552
010700
011267
011305
011414
011719
011783
011997
012840
012900
012975
013163
013182
013198
013273
013336
013657
013832
013841
013897
013923
013932
014073
014105
014161
014190
014299
014477
014762
014974
015131
015190
015333
015607
015720
015801
016036
016108
016147
016282
016346
016376
016428
016599
016632
017070
017164
017517
017730
017826
018228
018249
018611
000348
000574
000625
000733
000804
000857
001088
001105
001273
001442
001694
001752
001765
002100
002353
002357
002571
002861
002911
003177
003445
003714
003762
003926
004037
004042
004165
004185
004252
004339
004590
004675
004679
004793
005237
005384
005469
005505
005525
005613
005651
005704
005882
006665
006779
006786
007135
007177
007238
007242
007265
007329
007745
007990
008007
008270
008318
008376
008496
008656
008790
009013
009024
009056
009088
009191
009543
009651
009823
010178
010247
010503
010555
010620
010816
010875
010918
010952
011409
012294
012395
012410
012459
012552
012766
012966
013187
013457
013663
013864
013914
013947
013957
013969
014063
014114
014184
014432
014507
014541
014626
014746
014894
015336
015434
015511
015694
015722
015733
016051
016144
016292
016505
016644
016741
016791
016896
016931
017029
017086
017354
017641
017675
018097
018201
018206
000041
000306
000410
000487
000540
000715
000778
000803
001038
001103
001153
001377
001378
001662
001806
001963
001993
002186
002325
002409
002458
002927
003067
003098
003145
003237
003394
003418
003449
003617
004242
004257
004480
004559
004632
004645
004670
004753
004774
004799
004915
004988
005143
005688
005827
005853
005887
005904
006071
006226
006527
006668
006826
006972
006979
007038
007086
007100
007278
007304
007601
007695
007979
008037
008100
008367
008421
008445
008484
008702
008746
008783
008795
008810
009202
009219
009264
009544
009972
009984
010401
010454
010459
010478
010568
010602
011004
011186
011351
011651
011700
011938
012388
012725
012981
013384
013613
013823
014008
014419
014423
014470
014534
014632
014772
014867
015286
015380
015477
015483
015832
015968
016099
016576
016731
016777
016853
016973
017254
017514
017518
017830
018232
018248
018494
018585
000028
000079
000179
000296
000307
000350
000530
000845
000865
000943
001138
001596
001736
001992
002168
002315
002483
002541
002772
002811
003213
003455
003679
003919
004353
004379
004489
004574
005049
005162
005374
005406
005495
005639
005652
005655
005657
005662
005690
005750
005761
006300
006390
006411
006625
006656
006734
006811
007014
007696
007738
007842
007891
007895
007920
007928
008143
008375
008516
008541
008677
008854
009110
009312
009381
009652
009725
009776
009819
010144
010165
010408
010724
010966
011087
011096
011183
011283
011287
011388
011685
012036
012044
012909
013003
013173
013563
013717
013726
013795
013847
013861
013875
013903
014001
014016
014082
014107
014108
014137
014390
014396
014879
015031
015078
015264
015338
015485
015626
015629
015739
015851
015941
015984
016322
016386
016516
016921
017088
017237
017658
017761
017818
018247
018353
018434
000099
000209
000361
000371
000528
000539
000661
000876
001021
001207
001344
001347
001561
001600
001974
002347
002360
002402
002530
002583
002709
002840
002853
002918
003278
003504
004043
004272
004409
004616
005148
005167
005195
005677
005803
005898
006123
006399
006491
007093
007426
007500
007581
007820
007914
008142
008163
008199
008235
008335
008362
008417
008594
008837
009060
009319
009486
009768
009827
009842
010226
010260
010286
010300
010642
010795
011484
011821
011851
011854
011934
012016
012060
012113
012247
012438
012653
012773
012801
012906
012933
012980
013226
013281
013505
013593
013611
013634
013698
013708
014135
014461
014511
014630
014745
014791
015138
015197
015428
015437
015498
015893
015937
015951
015981
016012
016065
016076
016106
016168
016583
016629
016709
016746
016928
017006
017045
017080
017143
017543
017693
017726
017972
017976
018135
018442
000312
000787
000997
001023
001035
001491
001714
002356
002410
002417
002425
002456
002517
002577
002627
002755
002822
003030
003140
003377
003511
003559
003620
003734
003906
004019
004183
004199
004295
004334
004346
004612
004622
004702
005134
005187
005397
005426
005428
005446
005675
005858
005905
006053
006312
006349
006458
006567
006955
007046
007245
007270
007645
007678
007687
007744
007755
008152
008208
008226
008249
008564
008763
008978
009504
009658
009755
009765
009875
009903
009957
010661
010779
010818
010972
011108
011125
011140
011166
011471
011481
011494
011622
011638
011712
011935
012025
012068
012283
013152
013255
013287
013351
013400
013519
013919
013990
014345
014438
014450
014712
014792
014834
014918
015023
015081
015087
015381
015576
015591
016238
016289
016657
016717
016785
016849
016938
017030
017110
017174
017555
017707
017902
017922
018075
018522
000303
000678
001112
001170
001404
001471
001613
001817
001866
002124
002427
002830
002852
002944
002967
002971
003128
003446
003662
003673
003776
003800
003885
003936
004086
004344
004671
004740
004784
005280
005299
005444
005550
005663
005759
006107
006240
006259
006356
006482
006577
006713
006728
006882
006974
006981
007114
007178
007201
007226
007639
007685
007721
008126
008164
008197
008427
008569
008629
008647
008721
008772
008826
009114
009165
009349
009505
009623
009685
009733
009928
010223
010402
010469
010475
010556
010757
011082
011110
011210
011280
011292
011363
011367
011458
011539
011541
011624
011856
011865
011987
012048
012117
012354
012356
012480
012715
012788
012927
013510
013720
014037
014098
014253
014322
014770
014875
014984
015169
015191
015687
015807
015823
015923
016361
016437
016671
016859
016899
017226
017483
017631
017836
018047
018140
018490
000089
000124
000569
000570
000702
000705
000714
000788
000928
000941
001076
001815
001861
002155
002204
002429
002915
002951
002961
002981
003014
003021
003160
003214
003485
003513
003544
003572
003605
004411
004471
004552
004868
004992
005058
005513
005880
005941
006013
006186
006449
006971
007075
007146
007159
007168
007336
007421
007584
007585
007730
007756
008282
008313
008386
008447
008474
008542
008551
008833
009659
009926
010097
010114
010210
010295
010432
010443
010495
010663
010717
010813
010895
011132
011629
011742
011811
011973
011991
012129
012386
012417
012599
012818
013238
013381
013405
013796
013806
013962
014015
014501
014620
014658
014812
014825
014945
015104
015159
015226
015237
015706
015723
015751
015830
015892
015905
016032
016185
016283
016412
016558
016563
016719
017063
017117
017256
017322
017445
017491
017547
017746
018337
018518
018574
018604
000044
000349
000537
000770
000795
000800
000965
000999
001082
001361
001484
001511
001541
001824
002007
002128
002362
002411
002556
002634
002989
003007
003196
003310
003315
003344
003470
003710
003874
003898
004055
004415
004477
004925
005080
005154
005212
005245
005313
005392
005602
005934
006043
006209
006253
006509
006659
006820
007032
007111
007113
007155
007272
007642
007670
008306
008331
008733
008760
008769
008929
009047
009117
009290
009292
009337
009377
009424
009582
009872
010060
010400
010506
010730
010879
010957
010962
011149
011308
011457
011640
011699
011909
012415
012655
012690
012722
012874
012915
013133
013236
013317
013329
013562
013608
013734
014010
014110
014416
014556
015136
015315
015375
015557
015679
015732
015798
016213
016503
016520
016659
016904
016972
017111
017235
017472
017484
017643
018002
018025
018131
018136
018177
018260
018323
018382
000061
000120
000279
000557
000589
001579
001678
001910
001954
001983
001996
002104
002140
002217
002289
002492
002916
002931
003180
003181
003502
003552
003632
003735
004253
004256
004487
004637
004648
004972
005326
005390
006014
006112
006215
006452
006532
006547
006679
006707
006797
006808
006943
007083
007213
007399
007587
007765
007811
007849
007986
008324
008779
008864
008883
008918
008967
009126
009326
009583
009585
009646
009713
009873
009939
009986
010200
010292
010534
010740
010771
010949
010993
011053
011282
011320
011709
012108
012155
012408
012416
012626
013109
013118
013301
013494
013574
013940
014091
014120
014176
014183
014186
014763
014961
015115
015343
015355
015357
015387
015391
015630
015659
015949
015975
015987
016006
016462
016577
016611
016640
016814
016867
016960
016994
017209
017343
017366
017459
017597
017724
017856
018251
018505
018509
018517
000067
000162
000180
000197
000223
000238
000261
000392
000638
001299
001309
001355
001566
001854
001956
001975
002026
002056
002101
002108
002251
002462
002707
003161
003636
003786
003811
003858
003862
003865
004306
004331
004955
005071
005102
005641
005796
005834
005907
006046
006110
006195
006338
006481
006533
006610
006700
007000
007088
007327
007636
007706
007992
008066
008135
008312
008523
008997
009017
009038
009149
009626
009737
009801
010084
010222
010233
010261
010636
010782
010799
011028
011031
011383
011423
011922
011933
011957
012093
012259
012347
012409
012597
012735
012905
013119
013135
013165
013245
013392
013705
014093
014173
014521
014527
014547
014623
014743
014940
014969
014990
015421
015718
016041
016120
016430
016435
016489
016494
016595
016809
016863
017018
017039
017154
017394
017522
017706
017734
017749
017968
018178
018296
018374
018453
018520
000171
000195
000224
000259
000291
000395
000592
000679
000750
000841
001433
001520
001625
001933
001958
002083
002257
002291
002366
002557
002614
002850
002882
003127
003169
003374
003397
003556
003574
003613
003883
003956
004002
004204
004350
004502
004934
005236
005283
006017
006032
006039
006183
006740
006768
006789
006796
006819
006908
006993
007365
007401
007442
007501
007690
007786
007838
007896
007950
008042
008088
008161
008555
008747
008770
009421
009513
009515
009825
009982
010259
010272
010426
010505
010625
010745
010801
010831
010862
011068
011644
011814
012065
012143
012148
012257
012977
013043
013570
013617
013636
014046
014128
014251
014330
014554
014555
014625
014643
014780
014858
014884
015011
015150
015177
015187
015486
015556
015641
015835
016138
016330
016452
016487
016528
016546
016606
016750
016763
017466
017604
017865
017923
018110
018283
018485
000053
000317
000372
000385
000426
000500
000585
000805
001118
001186
001242
001245
001253
001386
001489
001533
001630
001778
001962
002016
002058
002147
002213
002420
002622
002736
003058
003207
003293
003438
003478
003658
003851
004134
004244
004694
004937
005052
005069
005152
005166
005285
005334
005758
006153
006402
006421
006469
006525
006675
006726
006856
006914
006930
006947
006954
006966
007058
007139
007248
007260
007264
007284
007293
007439
007574
007708
007868
007957
007963
008060
008070
008267
008302
008422
008482
009023
009429
009453
009527
009575
009694
010399
010630
010719
010766
011009
011197
011338
011558
011570
011654
011657
012177
012218
012521
012967
012972
013370
013502
013504
013881
014425
014579
014729
015448
015619
015651
015771
015891
016034
016257
016403
016509
016784
016891
017320
017395
017533
017743
017876
017980
018049
018054
018368
018499
000266
000524
000731
000826
001097
001136
001200
001227
001383
001632
001667
001788
001811
001991
002191
002196
002481
002621
002708
002779
003083
003121
003368
003379
003659
003831
003947
004077
004133
004166
004265
004287
004539
004627
004764
004811
004906
005056
005105
005164
005197
005256
005314
005519
005539
005838
006044
006126
006159
006184
006466
006515
006714
006754
006898
007210
007290
007406
007653
007774
007815
008354
008370
008636
008684
008985
009048
009067
009265
009270
009981
010143
010339
010388
010584
010725
010772
010838
011040
011333
011500
011529
011535
011548
011837
011971
012389
012643
012657
013084
013306
013848
014020
014147
014239
014473
014622
014679
014818
014839
014852
015241
015540
015738
015744
015956
016271
016371
016442
016555
016670
016711
016762
016792
016971
017069
017252
017439
017591
017860
017878
018099
018261
018267
018360
018416
000148
000155
000211
000225
000244
000290
000328
000388
000452
000632
000840
000852
001085
001172
001263
001307
001415
001507
001937
002042
002261
002601
002610
002886
002979
003413
003461
003534
003648
003701
003995
004100
004452
004453
004516
004736
004835
005034
005433
005538
006097
006140
006147
006241
006380
006467
006742
006888
007035
007101
007125
007211
007337
007366
007502
007758
007818
008252
008665
008729
008815
008990
009456
009480
009601
009680
009999
010043
010146
010288
010476
010615
010664
010821
010969
011171
011234
011370
011554
011601
011907
012314
012510
012516
012543
012999
013277
013290
013441
013626
013682
013693
013712
013857
014083
014158
014181
014205
014263
014321
014359
014820
014861
014882
015024
015029
015071
015231
015376
015888
016037
016174
016380
016394
016485
016587
016655
016803
017215
017278
017355
017587
018036
018091
018150
018487
000046
000464
000472
000579
000635
000742
001162
001231
001598
001622
001792
001858
001883
002052
002523
002563
002866
003246
003371
003657
003764
003766
003818
003921
003983
004001
004070
004135
004247
004275
004402
004404
004557
004563
004710
005051
005060
005091
005301
005401
005569
005845
006091
006096
006124
006255
006336
006506
006701
007060
007147
007257
007259
007349
007422
007644
007875
008203
008294
008378
008428
008443
008454
008662
008800
008857
008950
009276
009587
009757
009778
009832
010704
010756
010881
011034
011250
011252
011269
011310
011373
011476
011759
012003
012135
012167
012464
012533
012656
012973
013227
013338
013414
013495
013606
013980
014043
014221
014682
014714
014741
015235
015297
016001
016029
016187
016285
016320
016385
016703
016827
016845
017229
017290
017305
017331
017460
017534
017622
017731
017758
017907
018042
018144
018326
018408
000135
000414
000509
001078
001244
001318
001553
001562
001654
001705
001793
002164
002180
002290
002430
002508
002534
002689
002793
003183
003194
003297
003439
003550
003683
003837
003930
004063
004186
004207
004288
004625
004842
004887
005112
005287
005447
005617
005679
005849
005876
006134
006252
006279
006282
006305
006486
006529
006558
006683
007098
007301
007754
008073
008144
008165
008234
008363
008419
008430
008436
008635
008640
008819
008839
008908
009180
009495
009554
010036
010040
010171
010257
010346
010356
010796
010904
011673
011816
012019
012125
012202
012288
012310
012538
012609
012856
012907
013036
013284
013310
013410
013587
013753
013819
014036
014039
014266
014293
014331
015000
015204
015294
015555
015656
015662
015782
015794
016059
016167
016736
016813
016840
016864
016954
016981
017168
017243
017285
017333
017357
017523
017757
017986
018276
018300
000292
000308
000354
000555
000820
000994
001323
001418
001614
001681
001709
001906
002115
002247
002447
002487
002595
003132
003234
003241
003812
003870
003960
004570
004598
004699
004911
004921
004936
005045
005120
005430
005544
006121
006125
006148
006167
006236
006251
006544
006638
006750
006940
007026
007292
007323
007417
007538
007647
007747
007819
008095
008390
008576
008596
008620
008814
008829
008842
008926
009000
009034
009174
009482
009497
009782
009902
010062
010081
010205
010511
010626
010687
010726
011211
011365
011662
011716
012200
012370
012420
012705
012797
012844
012955
013143
013340
013374
013532
013543
013674
013842
014118
014276
014281
014468
014628
015049
015171
015347
015371
015457
015473
015578
015752
015802
015847
016049
016143
016754
016838
016839
016965
016993
017108
017184
017214
017405
017598
017652
017705
018145
018196
018386
018413
018555
000007
000069
000088
000093
000232
000548
000611
000637
000654
000699
000729
000767
000809
000827
000924
001195
001230
001293
001322
001460
001476
001601
001795
001884
002043
002324
002327
002384
002716
003142
003388
003712
003846
004061
004263
004290
004626
004750
004951
004952
005127
005183
005186
005206
005292
005371
005422
005536
005821
005918
006269
006277
006302
006461
006612
006691
006753
006816
006968
007056
007215
007607
007671
007733
007742
008012
008405
008465
008470
008605
008626
008658
008697
009232
009279
009440
009508
009629
009674
010125
010225
010250
010583
010601
010693
010760
010849
011032
011101
011153
011181
011309
011377
011411
011595
011665
011677
011792
012433
012718
013275
013439
013533
013627
013915
013995
014164
014329
014395
014895
015055
015450
015526
015708
015945
016175
016841
016882
016948
016970
017570
017661
017803
017896
018339
018447
000121
000134
000274
000641
000643
000727
000889
000920
001272
001587
001606
001717
001794
001914
001917
001927
002510
002526
002529
002941
003222
003343
003387
003499
003667
003769
003863
004104
004112
004153
004243
004328
004383
004398
004476
004505
004733
004798
004980
005043
005360
005458
005577
006064
006114
006203
006263
006445
006607
006915
007062
007364
007380
007404
007715
008214
008298
008932
008964
009391
009511
009655
009845
009888
010038
010188
010232
010301
010513
010567
010600
010784
010853
010858
010903
010997
011041
011625
011754
011819
011862
011976
012017
012153
012614
012746
013015
013178
013286
013356
013625
013669
013749
013886
014115
014119
014313
014397
014691
014696
014845
015154
015362
015395
015587
015632
015674
015846
016176
016307
016607
016885
016888
016963
017008
017161
017423
017493
017596
017814
017938
017946
018103
018307
018443
018529
000177
000217
000235
000245
000351
000402
000420
000970
001006
001141
001175
001264
001396
001583
001687
001952
001967
001977
002214
002219
002494
002713
002728
002929
003276
003458
003781
003796
004297
004448
004464
004495
004617
004646
004778
004875
004880
004987
005025
005196
005235
005379
005546
005842
006020
006306
006526
006534
006570
006602
006942
006958
007064
007099
007388
007431
007558
008014
008320
008366
008461
008782
009075
009090
009122
009207
009371
009425
009599
009719
009891
009922
010160
010266
010654
010769
010805
010835
010865
011078
011105
011489
011576
011800
011911
012133
012452
012476
012528
012621
013005
013263
013843
013858
013876
014075
014242
014256
014960
015021
015182
015259
015263
015432
015648
015660
015685
015811
016210
016454
016615
016772
016919
017146
017158
017233
017393
017404
017520
017560
017572
017685
017925
018185
018192
018200
000257
000359
000583
000603
000719
000762
000911
001154
001258
001730
001998
002062
002076
002079
002081
002305
002464
002507
002548
002645
002674
002827
002836
002845
002869
003600
003604
003699
003827
004018
004213
004571
004824
004909
004959
005434
005578
005956
006179
006284
006681
006693
006863
006874
006892
006929
006950
006977
007092
007150
007403
007408
007454
007955
008074
008087
008211
008237
008315
008437
008526
008710
008711
008712
008756
008945
008989
009097
009173
009213
009215
009240
009447
009573
009602
009853
009943
010123
010434
010456
010586
010733
010736
011347
011429
011479
011645
011652
011675
011788
011820
011989
012466
012692
012963
013292
013451
013462
013561
013728
014022
014079
014097
014262
014283
014487
014492
014753
014970
015155
015570
015583
016119
016363
016660
016886
016907
017270
017311
017368
017669
017901
018060
018156
018451
018512
000095
000119
000202
000786
000861
001303
001308
001382
001400
001435
001536
001591
001699
002087
002240
002255
002443
002450
002835
002860
002904
002942
002946
003044
003308
003367
003442
003506
003803
003908
003971
004033
004197
004210
004316
004772
004816
005257
005330
005373
005593
005958
006036
006170
006204
006398
006588
006777
006841
006931
006983
007071
007191
007359
007964
008225
008687
008875
008921
008925
008959
009037
009082
009200
009569
009647
009814
009844
009965
010314
010612
010681
010743
010961
010970
011074
011634
011708
011745
011898
012063
012106
012414
012550
012703
012798
012890
012899
013110
013206
013363
013470
013509
013724
013920
014132
014157
014217
014310
014600
014639
014759
014835
014958
015063
015213
015441
015442
015458
015574
015655
015671
015742
015760
016072
016080
016353
016694
017306
017747
017817
017915
017989
018189
018427
018472
000204
000417
000498
000536
000554
000819
000829
001144
001229
001419
001432
001810
001870
002149
002176
002546
002631
002653
002966
002976
003685
003761
003778
003905
004138
004154
004483
004821
004845
004927
005113
005132
005193
005504
005532
005605
005631
005790
005828
006061
006129
006181
006275
006440
006729
006822
006998
007049
007258
007621
007627
007628
007633
007726
007860
007864
008080
008741
008968
009416
009812
009911
010034
010474
010786
010890
011035
011083
011413
011668
011823
012524
012534
013087
013218
013347
013467
013514
013547
013607
013738
013778
013893
013973
014013
014099
014288
014357
014407
014463
014494
014563
014656
014695
014715
014815
015245
015283
015472
015535
015658
015849
016097
016235
016240
016277
016324
016464
016473
016833
016984
017250
017288
017310
017432
017473
017764
017858
017903
017918
018031
018105
018310
018473
018562
018582
000015
000083
000114
000239
000382
000621
000801
000811
000875
000925
001580
001619
001649
001651
001768
001953
002363
002560
002655
002697
002762
002800
002926
003155
003171
003185
003261
003321
003860
003953
004274
004424
004797
004836
004853
004869
004889
005176
005377
005385
005932
006076
006103
006106
006473
006649
006666
006757
006928
007452
007975
008174
008275
008368
008477
008689
008705
008909
009311
009414
009804
009810
010117
010153
010277
010325
010481
010662
010797
010866
011165
011206
011532
011585
011771
011802
011936
012104
012139
012281
012418
012666
012699
012729
012799
012836
013123
013141
013180
013453
013517
013526
013702
013756
013788
013808
013895
013913
013939
014222
014366
014377
014515
014558
014592
015091
015102
015181
015317
015493
015904
016016
016158
016444
016511
016800
016989
017046
017134
017205
017451
017482
017686
018173
018255
018364
000111
000355
000562
000612
000620
000878
001089
001310
001659
001865
001880
001891
002307
002594
002630
002743
002758
002858
002955
003059
003167
003493
003518
003742
003757
003873
003901
004122
004132
004158
004313
004432
004712
004832
004849
005160
005411
005454
005857
006048
006294
006316
006378
006412
006456
006546
006646
006846
006975
006990
007288
007302
007391
007791
008311
008371
008399
008487
008525
008704
008797
009233
009305
009331
009916
009989
010355
010367
010569
010595
010694
010696
010793
010830
010843
010915
011002
011023
011189
011190
011304
011350
011515
011566
011961
011964
011980
011992
012050
012080
012702
013171
013871
013916
013966
014011
014211
014444
014581
014713
014758
014779
015109
015413
015438
015767
015859
015863
016233
016429
016451
016552
016979
017052
017198
017300
017480
017519
017654
017802
017916
017933
018309
018365
018493
018497
000084
000337
000494
000591
000601
000749
001260
001599
001722
001890
002136
002206
002235
002681
002727
002735
002980
003113
003392
003788
003888
003933
004047
004080
004195
004299
004301
004389
004397
004662
004687
004964
004985
004993
005005
005272
005277
005353
005453
005590
005867
006072
006225
006363
006383
006446
006454
006463
006718
006763
006774
006784
006927
006973
007020
007054
007106
007490
007816
008217
008517
008617
009020
009066
009717
009775
009851
010278
010559
010577
010606
010707
010716
011148
011451
011564
011599
011729
012014
012115
012451
012470
012671
012880
013065
013166
013175
013272
013648
013675
013719
013821
014031
014089
014204
014431
014510
014516
014661
015135
015174
015469
015573
015623
016095
016096
016125
016237
016549
016610
016713
016721
016798
017041
017294
017541
017621
017642
017666
017849
018213
018304
018361
018362
018418
018575
000063
000176
000413
000575
000759
000984
001016
001113
001169
001280
001459
001912
002283
002286
002318
002328
002339
002399
002821
002867
002887
002987
003001
003072
003248
003356
003412
003507
003554
003669
004326
004369
004538
004542
004605
004791
004867
005248
005419
005683
005989
006353
006837
006858
007042
007132
007182
007218
007397
007736
007764
007835
007977
008053
008129
008215
008357
008418
008440
008614
008694
008744
008845
009011
009102
009189
009197
009224
009234
009333
009523
009805
009849
009882
009917
009927
009944
010053
010575
010671
010885
011016
011037
011084
011402
011698
011787
011858
011946
012029
012482
012584
012683
012908
012930
013050
013069
013219
013242
013490
013572
013645
013747
013809
013818
013902
014077
014246
014864
015141
015274
015392
015680
015710
016177
016264
016269
016909
017074
017625
017645
017786
018335
018388
018426
018477
000085
000122
000173
000187
000214
000313
000408
000607
000712
000718
000760
000940
001095
001191
001205
001450
001462
001719
001727
001740
001762
001877
001942
002084
002187
002230
002313
002596
002656
002894
002973
003257
003331
003482
003640
003772
003813
003915
003939
004096
004142
004177
004194
004310
004481
005188
005221
005289
005322
005324
005420
005432
005450
005545
005910
005938
006162
006173
006228
006290
006634
006887
007017
007148
007463
007511
007580
007772
007821
007936
008127
008137
008278
008646
008980
009386
009948
010155
010212
010308
010309
010470
010566
010842
010876
011121
011222
011419
011550
012321
012629
012762
012794
013031
013251
013259
013487
013542
013635
013655
013951
014094
014398
014434
014436
014591
014718
014883
015256
015271
015353
015382
015427
015478
015603
015856
016008
016069
016497
016723
017193
017222
017416
018151
018203
018381
000100
000356
000515
000700
000863
000967
001058
001688
002035
002070
002228
002274
002377
002437
002668
002700
002873
003119
003421
003487
003668
003723
004057
004238
004267
004528
004852
004940
005516
005720
005822
005930
005953
006119
006151
006160
006235
006391
006426
006498
006992
006996
007001
007008
007050
007077
007119
007165
007221
007579
007676
008168
008425
008589
008700
008718
008750
008802
008869
008899
008934
009051
009338
009563
009607
009636
009959
010089
010253
010280
010386
010576
010761
010778
010905
010937
010985
011345
011374
011382
011509
011600
011666
011723
011884
012114
012168
012175
012221
012278
012327
012437
012468
012501
012638
012688
012748
012854
013019
013076
013270
013361
013399
013468
013811
013926
015133
015162
015211
015215
015369
015400
015579
015699
016022
016225
016258
016384
016957
017067
017287
017324
017449
017659
018125
018180
000005
000018
000101
000248
000270
000527
000955
001081
001100
001375
001564
001604
001608
001683
001783
001802
001856
001979
002057
002550
002646
002657
002839
003190
003195
003218
003292
003354
003469
003713
003916
004024
004035
004052
004071
004089
004420
004465
004554
004803
004990
005046
005219
005352
005512
005695
005785
005976
006285
006311
006374
006878
007104
007267
007770
007841
007991
008064
008065
008145
008288
008611
008623
008655
008699
008759
009260
009263
009367
009478
009594
009879
009900
010273
010466
010485
010665
010751
011100
011474
011609
012021
012178
012254
012296
012490
012560
012586
012812
012921
013209
013243
013348
013430
013497
013545
013907
013937
013952
013955
013998
014048
014131
014165
014678
014814
014824
014855
015506
015625
015649
015757
016496
016526
016621
016871
016988
017105
017308
017351
017500
017833
017928
018143
018210
018476
000066
000078
000106
000193
000194
000450
000455
000475
000563
000668
000831
000935
001040
001055
001365
001492
002890
002999
003052
003280
003353
003601
004111
004705
005335
005601
005943
005946
006011
006090
006303
006333
006376
006522
006655
006678
006716
007028
007200
007207
007424
007654
007899
007902
007913
007938
008021
008044
008046
008256
008406
008431
008522
008537
008543
008773
008907
008933
009222
009320
009327
009358
009552
009760
009951
010019
010028
010071
010181
010291
010317
010411
010518
010668
010682
010750
010921
010930
011410
011416
011467
011688
011988
012616
012659
012780
012924
012976
013148
013408
013884
013898
013953
014193
014199
014284
014426
014452
014636
014655
014877
015035
015111
015130
015502
015842
015955
016136
016156
016305
016349
016617
016681
016844
017262
017339
017446
017714
017771
017999
018137
018467
018502
018527
018581
018614
