000000
000002
000004
000006
000008
000010
000012
000014
000016
000018
000020
000022
000024
000026
000028
000030
000032
000034
000036
000038
000040
000042
000044
000046
000048
000050
000052
000054
000056
000058
000060
000062
000064
000066
000068
000070
000072
000074
000076
000078
000080
000082
000084
000086
000088
000090
000092
000094
000096
000098
000100
000102
000104
000106
000108
000110
000112
000114
000116
000118
000120
000122
000124
000126
000128
000130
000132
000134
000136
000138
000140
000142
000144
000146
000148
000150
000152
000154
000156
000158
000160
000162
000164
000166
000168
000170
000172
000174
000176
000178
000180
000182
000184
000186
000188
000190
000192
000194
000196
000198
000200
000202
000204
000206
000208
000210
000212
000214
000216
000218
000220
000222
000224
000226
000228
000230
000232
000234
000236
000238
000240
000242
000244
000246
000248
000250
000252
000254
000256
000258
000260
000262
000264
000266
000268
000270
000272
000274
000276
000278
000280
000282
000284
000286
000288
000290
000292
000294
000296
000298
000300
000302
000304
000306
000308
000310
000312
000314
000316
000318
000320
000322
000324
000326
000328
000330
000332
000334
000336
000338
000340
000342
000344
000346
000348
000350
000352
000354
000356
000358
000360
000362
000364
000366
000368
000370
000372
000374
000376
000378
000380
000382
000384
000386
000388
000390
000392
000394
000396
000398
000400
000402
000404
000406
000408
000410
000412
000414
000416
000418
000420
000422
000424
000426
000428
000430
000432
000434
000436
000438
000440
000442
000444
000446
000448
000450
000452
000454
000456
000458
000460
000462
000464
000466
000468
000470
000472
000474
000476
000478
000480
000482
000484
000486
000488
000490
000492
000494
000496
000498
000500
000502
000504
000506
000508
000510
000512
000514
000516
000518
000520
000522
000524
000526
000528
000530
000532
000534
000536
000538
000540
000542
000544
000546
000548
000550
000552
000554
000556
000558
000560
000562
000564
000566
000568
000570
000572
000574
000576
000578
000580
000582
000584
000586
000588
000590
000592
000594
000596
000598
000600
000602
000604
000606
000608
000610
000612
000614
000616
000618
000620
000622
000624
000626
000628
000630
000632
000634
000636
000638
000640
000642
000644
000646
000648
000650
000652
000654
000656
000658
000660
000662
000664
000666
000668
000670
000672
000674
000676
000678
000680
000682
000684
000686
000688
000690
000692
000694
000696
000698
000700
000702
000704
000706
000708
000710
000712
000714
000716
000718
000720
000722
000724
000726
000728
000730
000732
000734
000736
000738
000740
000742
000744
000746
000748
000750
000752
000754
000756
000758
000760
000762
000764
000766
000768
000770
000772
000774
000776
000778
000780
000782
000784
000786
000788
000790
000792
000794
000796
000798
000800
000802
000804
000806
000808
000810
000812
000814
000816
000818
000820
000822
000824
000826
000828
000830
000832
000834
000836
000838
000840
000842
000844
000846
000848
000850
000852
000854
000856
000858
000860
000862
000864
000866
000868
000870
000872
000874
000876
000878
000880
000882
000884
000886
000888
000890
000892
000894
000896
000898
000900
000902
000904
000906
000908
000910
000912
000914
000916
000918
000920
000922
000924
000926
000928
000930
000932
000934
000936
000938
000940
000942
000944
000946
000948
000950
000952
000954
000956
000958
000960
000962
000964
000966
000968
000970
000972
000974
000976
000978
000980
000982
000984
000986
000988
000990
000992
000994
000996
000998
001000
001002
001004
001006
001008
001010
001012
001014
001016
001018
001020
001022
001024
001026
001028
001030
001032
001034
001036
001038
001040
001042
001044
001046
001048
001050
001052
001054
001056
001058
001060
001062
001064
001066
001068
001070
001072
001074
001076
001078
001080
001082
001084
001086
001088
001090
001092
001094
001096
001098
001100
001102
001104
001106
001108
001110
001112
001114
001116
001118
001120
001122
001124
001126
001128
001130
001132
001134
001136
001138
001140
001142
001144
001146
001148
001150
001152
001154
001156
001158
001160
001162
001164
001166
001168
001170
001172
001174
001176
001178
001180
001182
001184
001186
001188
001190
001192
001194
001196
001198
001200
001202
001204
001206
001208
001210
001212
001214
001216
001218
001220
001222
001224
001226
001228
001230
001232
001234
001236
001238
001240
001242
001244
001246
001248
001250
001252
001254
001256
001258
001260
001262
001264
001266
001268
001270
001272
001274
001276
001278
001280
001282
001284
001286
001288
001290
001292
001294
001296
001298
001300
001302
001304
001306
001308
001310
001312
001314
001316
001318
001320
001322
001324
001326
001328
001330
001332
001334
001336
001338
001340
001342
001344
001346
001348
001350
001352
001354
001356
001358
001360
001362
001364
001366
001368
001370
001372
001374
001376
001378
001380
001382
001384
001386
001388
001390
001392
001394
001396
001398
001400
001402
001404
001406
001408
001410
001412
001414
001416
001418
001420
001422
001424
001426
001428
001430
001432
001434
001436
001438
001440
001442
001444
001446
001448
001450
001452
001454
001456
001458
001460
001462
001464
001466
001468
001470
001472
001474
001476
001478
001480
001482
001484
001486
001488
001490
001492
001494
001496
001498
001500
001502
001504
001506
001508
001510
001512
001514
001516
001518
001520
001522
001524
001526
001528
001530
001532
001534
001536
001538
001540
001542
001544
001546
001548
001550
001552
001554
001556
001558
001560
001562
001564
001566
001568
001570
001572
001574
001576
001578
001580
001582
001584
001586
001588
001590
001592
001594
001596
001598
001600
001602
001604
001606
001608
001610
001612
001614
001616
001618
001620
001622
001624
001626
001628
001630
001632
001634
001636
001638
001640
001642
001644
001646
001648
001650
001652
001654
001656
001658
001660
001662
001664
001666
001668
001670
001672
001674
001676
001678
001680
001682
001684
001686
001688
001690
001692
001694
001696
001698
001700
001702
001704
001706
001708
001710
001712
001714
001716
001718
001720
001722
001724
001726
001728
001730
001732
001734
001736
001738
001740
001742
001744
001746
001748
001750
001752
001754
001756
001758
001760
001762
001764
001766
001768
001770
001772
001774
001776
001778
001780
001782
001784
001786
001788
001790
001792
001794
001796
001798
001800
001802
001804
001806
001808
001810
001812
001814
001816
001818
001820
001822
001824
001826
001828
001830
001832
001834
001836
001838
001840
001842
001844
001846
001848
001850
001852
001854
001856
001858
001860
001862
001864
001866
001868
001870
001872
001874
001876
001878
001880
001882
001884
001886
001888
001890
001892
001894
001896
001898
001900
001902
001904
001906
001908
001910
001912
001914
001916
001918
001920
001922
001924
001926
001928
001930
001932
001934
001936
001938
001940
001942
001944
001946
001948
001950
001952
001954
001956
001958
001960
001962
001964
001966
001968
001970
001972
001974
001976
001978
001980
001982
001984
001986
001988
001990
001992
001994
001996
001998
002000
002002
002004
002006
002008
002010
002012
002014
002016
002018
002020
002022
002024
002026
002028
002030
002032
002034
002036
002038
002040
002042
002044
002046
002048
002050
002052
002054
002056
002058
002060
002062
002064
002066
002068
002070
002072
002074
002076
002078
002080
002082
002084
002086
002088
002090
002092
002094
002096
002098
002100
002102
002104
002106
002108
002110
002112
002114
002116
002118
002120
002122
002124
002126
002128
002130
002132
002134
002136
002138
002140
002142
002144
002146
002148
002150
002152
002154
002156
002158
002160
002162
002164
002166
002168
002170
002172
002174
002176
002178
002180
002182
002184
002186
002188
002190
002192
002194
002196
002198
002200
002202
002204
002206
002208
002210
002212
002214
002216
002218
002220
002222
002224
002226
002228
002230
002232
002234
002236
002238
002240
002242
002244
002246
002248
002250
002252
002254
002256
002258
002260
002262
002264
002266
002268
002270
002272
002274
002276
002278
002280
002282
002284
002286
002288
002290
002292
002294
002296
002298
002300
002302
002304
002306
002308
002310
002312
002314
002316
002318
002320
002322
002324
002326
002328
002330
002332
002334
002336
002338
002340
002342
002344
002346
002348
002350
002352
002354
002356
002358
002360
002362
002364
002366
002368
002370
002372
002374
002376
002378
002380
002382
002384
002386
002388
002390
002392
002394
002396
002398
002400
002402
002404
002406
002408
002410
002412
002414
002416
002418
002420
002422
002424
002426
002428
002430
002432
002434
002436
002438
002440
002442
002444
002446
002448
002450
002452
002454
002456
002458
002460
002462
002464
002466
002468
002470
002472
002474
002476
002478
002480
002482
002484
002486
002488
002490
002492
002494
002496
002498
002500
002502
002504
002506
002508
002510
002512
002514
002516
002518
002520
002522
002524
002526
002528
002530
002532
002534
002536
002538
002540
002542
002544
002546
002548
002550
002552
002554
002556
002558
002560
002562
002564
002566
002568
002570
002572
002574
002576
002578
002580
002582
002584
002586
002588
002590
002592
002594
002596
002598
002600
002602
002604
002606
002608
002610
002612
002614
002616
002618
002620
002622
002624
002626
002628
002630
002632
002634
002636
002638
002640
002642
002644
002646
002648
002650
002652
002654
002656
002658
002660
002662
002664
002666
002668
002670
002672
002674
002676
002678
002680
002682
002684
002686
002688
002690
002692
002694
002696
002698
002700
002702
002704
002706
002708
002710
002712
002714
002716
002718
002720
002722
002724
002726
002728
002730
002732
002734
002736
002738
002740
002742
002744
002746
002748
002750
002752
002754
002756
002758
002760
002762
002764
002766
002768
002770
002772
002774
002776
002778
002780
002782
002784
002786
002788
002790
002792
002794
002796
002798
002800
002802
002804
002806
002808
002810
002812
002814
002816
002818
002820
002822
002824
002826
002828
002830
002832
002834
002836
002838
002840
002842
002844
002846
002848
002850
002852
002854
002856
002858
002860
002862
002864
002866
002868
002870
002872
002874
002876
002878
002880
002882
002884
002886
002888
002890
002892
002894
002896
002898
002900
002902
002904
002906
002908
002910
002912
002914
002916
002918
002920
002922
002924
002926
002928
002930
002932
002934
002936
002938
002940
002942
002944
002946
002948
002950
002952
002954
002956
002958
002960
002962
002964
002966
002968
002970
002972
002974
002976
002978
002980
002982
002984
002986
002988
002990
002992
002994
002996
002998
003000
003002
003004
003006
003008
003010
003012
003014
003016
003018
003020
003022
003024
003026
003028
003030
003032
003034
003036
003038
003040
003042
003044
003046
003048
003050
003052
003054
003056
003058
003060
003062
003064
003066
003068
003070
003072
003074
003076
003078
003080
003082
003084
003086
003088
003090
003092
003094
003096
003098
003100
003102
003104
003106
003108
003110
003112
003114
003116
003118
003120
003122
003124
003126
003128
003130
003132
003134
003136
003138
003140
003142
003144
003146
003148
003150
003152
003154
003156
003158
003160
003162
003164
003166
003168
003170
003172
003174
003176
003178
003180
003182
003184
003186
003188
003190
003192
003194
003196
003198
003200
003202
003204
003206
003208
003210
003212
003214
003216
003218
003220
003222
003224
003226
003228
003230
003232
003234
003236
003238
003240
003242
003244
003246
003248
003250
003252
003254
003256
003258
003260
003262
003264
003266
003268
003270
003272
003274
003276
003278
003280
003282
003284
003286
003288
003290
003292
003294
003296
003298
003300
003302
003304
003306
003308
003310
003312
003314
003316
003318
003320
003322
003324
003326
003328
003330
003332
003334
003336
003338
003340
003342
003344
003346
003348
003350
003352
003354
003356
003358
003360
003362
003364
003366
003368
003370
003372
003374
003376
003378
003380
003382
003384
003386
003388
003390
003392
003394
003396
003398
003400
003402
003404
003406
003408
003410
003412
003414
003416
003418
003420
003422
003424
003426
003428
003430
003432
003434
003436
003438
003440
003442
003444
003446
003448
003450
003452
003454
003456
003458
003460
003462
003464
003466
003468
003470
003472
003474
003476
003478
003480
003482
003484
003486
003488
003490
003492
003494
003496
003498
003500
003502
003504
003506
003508
003510
003512
003514
003516
003518
003520
003522
003524
003526
003528
003530
003532
003534
003536
003538
003540
003542
003544
003546
003548
003550
003552
003554
003556
003558
003560
003562
003564
003566
003568
003570
003572
003574
003576
003578
003580
003582
003584
003586
003588
003590
003592
003594
003596
003598
003600
003602
003604
003606
003608
003610
003612
003614
003616
003618
003620
003622
003624
003626
003628
003630
003632
003634
003636
003638
003640
003642
003644
003646
003648
003650
003652
003654
003656
003658
003660
003662
003664
003666
003668
003670
003672
003674
003676
003678
003680
003682
003684
003686
003688
003690
003692
003694
003696
003698
003700
003702
003704
003706
003708
003710
003712
003714
003716
003718
003720
003722
003724
003726
003728
003730
003732
003734
003736
003738
003740
003742
003744
003746
003748
003750
003752
003754
003756
003758
003760
003762
003764
003766
003768
003770
003772
003774
003776
003778
003780
003782
003784
003786
003788
003790
003792
003794
003796
003798
003800
003802
003804
003806
003808
003810
003812
003814
003816
003818
003820
003822
003824
003826
003828
003830
003832
003834
003836
003838
003840
003842
003844
003846
003848
003850
003852
003854
003856
003858
003860
003862
003864
003866
003868
003870
003872
003874
003876
003878
003880
003882
003884
003886
003888
003890
003892
003894
003896
003898
003900
003902
003904
003906
003908
003910
003912
003914
003916
003918
003920
003922
003924
003926
003928
003930
003932
003934
003936
003938
003940
003942
003944
003946
003948
003950
003952
003954
003956
003958
003960
003962
003964
003966
003968
003970
003972
003974
003976
003978
003980
003982
003984
003986
003988
003990
003992
003994
003996
003998
004000
004002
004004
004006
004008
004010
004012
004014
004016
004018
004020
004022
004024
004026
004028
004030
004032
004034
004036
004038
004040
004042
004044
004046
004048
004050
004052
004054
004056
004058
004060
004062
004064
004066
004068
004070
004072
004074
004076
004078
004080
004082
004084
004086
004088
004090
004092
004094
004096
004098
004100
004102
004104
004106
004108
004110
004112
004114
004116
004118
004120
004122
004124
004126
004128
004130
004132
004134
004136
004138
004140
004142
004144
004146
004148
004150
004152
004154
004156
004158
004160
004162
004164
004166
004168
004170
004172
004174
004176
004178
004180
004182
004184
004186
004188
004190
004192
004194
004196
004198
004200
004202
004204
004206
004208
004210
004212
004214
004216
004218
004220
004222
004224
004226
004228
004230
004232
004234
004236
004238
004240
004242
004244
004246
004248
004250
004252
004254
004256
004258
004260
004262
004264
004266
004268
004270
004272
004274
004276
004278
004280
004282
004284
004286
004288
004290
004292
004294
004296
004298
004300
004302
004304
004306
004308
004310
004312
004314
004316
004318
004320
004322
004324
004326
004328
004330
004332
004334
004336
004338
004340
004342
004344
004346
004348
004350
004352
004354
004356
004358
004360
004362
004364
004366
004368
004370
004372
004374
004376
004378
004380
004382
004384
004386
004388
004390
004392
004394
004396
004398
004400
004402
004404
004406
004408
004410
004412
004414
004416
004418
004420
004422
004424
004426
004428
004430
004432
004434
004436
004438
004440
004442
004444
004446
004448
004450
004452
004454
004456
004458
004460
004462
004464
004466
004468
004470
004472
004474
004476
004478
004480
004482
004484
004486
004488
004490
004492
004494
004496
004498
004500
004502
004504
004506
004508
004510
004512
004514
004516
004518
004520
004522
004524
004526
004528
004530
004532
004534
004536
004538
004540
004542
004544
004546
004548
004550
004552
004554
004556
004558
004560
004562
004564
004566
004568
004570
004572
004574
004576
004578
004580
004582
004584
004586
004588
004590
004592
004594
004596
004598
004600
004602
004604
004606
004608
004610
004612
004614
004616
004618
004620
004622
004624
004626
004628
004630
004632
004634
004636
004638
004640
004642
004644
004646
004648
004650
004652
004654
004656
004658
004660
004662
004664
004666
004668
004670
004672
004674
004676
004678
004680
004682
004684
004686
004688
004690
004692
004694
004696
004698
004700
004702
004704
004706
004708
004710
004712
004714
004716
004718
004720
004722
004724
004726
004728
004730
004732
004734
004736
004738
004740
004742
004744
004746
004748
004750
004752
004754
004756
004758
004760
004762
004764
004766
004768
004770
004772
004774
004776
004778
004780
004782
004784
004786
004788
004790
004792
004794
004796
004798
004800
004802
004804
004806
004808
004810
004812
004814
004816
004818
004820
004822
004824
004826
004828
004830
004832
004834
004836
004838
004840
004842
004844
004846
004848
004850
004852
004854
004856
004858
004860
004862
004864
004866
004868
004870
004872
004874
004876
004878
004880
004882
004884
004886
004888
004890
004892
004894
004896
004898
004900
004902
004904
004906
004908
004910
004912
004914
004916
004918
004920
004922
004924
004926
004928
004930
004932
004934
004936
004938
004940
004942
004944
004946
004948
004950
004952
004954
004956
004958
004960
004962
004964
004966
004968
004970
004972
004974
004976
004978
004980
004982
004984
004986
004988
004990
004992
004994
004996
004998
005000
005002
005004
005006
005008
005010
005012
005014
005016
005018
005020
005022
005024
005026
005028
005030
005032
005034
005036
005038
005040
005042
005044
005046
005048
005050
005052
005054
005056
005058
005060
005062
005064
005066
005068
005070
005072
005074
005076
005078
005080
005082
005084
005086
005088
005090
005092
005094
005096
005098
005100
005102
005104
005106
005108
005110
005112
005114
005116
005118
005120
005122
005124
005126
005128
005130
005132
005134
005136
005138
005140
005142
005144
005146
005148
005150
005152
005154
005156
005158
005160
005162
005164
005166
005168
005170
005172
005174
005176
005178
005180
005182
005184
005186
005188
005190
005192
005194
005196
005198
005200
005202
005204
005206
005208
005210
005212
005214
005216
005218
005220
005222
005224
005226
005228
005230
005232
005234
005236
005238
005240
005242
005244
005246
005248
005250
005252
005254
005256
005258
005260
005262
005264
005266
005268
005270
005272
005274
005276
005278
005280
005282
005284
005286
005288
005290
005292
005294
005296
005298
005300
005302
005304
005306
005308
005310
005312
005314
005316
005318
005320
005322
005324
005326
005328
005330
005332
005334
005336
005338
005340
005342
005344
005346
005348
005350
005352
005354
005356
005358
005360
005362
005364
005366
005368
005370
005372
005374
005376
005378
005380
005382
005384
005386
005388
005390
005392
005394
005396
005398
005400
005402
005404
005406
005408
005410
005412
005414
005416
005418
005420
005422
005424
005426
005428
005430
005432
005434
005436
005438
005440
005442
005444
005446
005448
005450
005452
005454
005456
005458
005460
005462
005464
005466
005468
005470
005472
005474
005476
005478
005480
005482
005484
005486
005488
005490
005492
005494
005496
005498
005500
005502
005504
005506
005508
005510
005512
005514
005516
005518
005520
005522
005524
005526
005528
005530
005532
005534
005536
005538
005540
005542
005544
005546
005548
005550
005552
005554
005556
005558
005560
005562
005564
005566
005568
005570
005572
005574
005576
005578
005580
005582
005584
005586
005588
005590
005592
005594
005596
005598
005600
005602
005604
005606
005608
005610
005612
005614
005616
005618
005620
005622
005624
005626
005628
005630
005632
005634
005636
005638
005640
005642
005644
005646
005648
005650
005652
005654
005656
005658
005660
005662
005664
005666
005668
005670
005672
005674
005676
005678
005680
005682
005684
005686
005688
005690
005692
005694
005696
005698
005700
005702
005704
005706
005708
005710
005712
005714
005716
005718
005720
005722
005724
005726
005728
005730
005732
005734
005736
005738
005740
005742
005744
005746
005748
005750
005752
005754
005756
005758
005760
005762
005764
005766
005768
005770
005772
005774
005776
005778
005780
005782
005784
005786
005788
005790
005792
005794
005796
005798
005800
005802
005804
005806
005808
005810
005812
005814
005816
005818
005820
005822
005824
005826
005828
005830
005832
005834
005836
005838
005840
005842
005844
005846
005848
005850
005852
005854
005856
005858
005860
005862
005864
005866
005868
005870
005872
005874
005876
005878
005880
005882
005884
005886
005888
005890
005892
005894
005896
005898
005900
005902
005904
005906
005908
005910
005912
005914
005916
005918
005920
005922
005924
005926
005928
005930
005932
005934
005936
005938
005940
005942
005944
005946
005948
005950
005952
005954
005956
005958
005960
005962
005964
005966
005968
005970
005972
005974
005976
005978
005980
005982
005984
005986
005988
005990
005992
005994
005996
005998
006000
006002
006004
006006
006008
006010
006012
006014
006016
006018
006020
006022
006024
006026
006028
006030
006032
006034
006036
006038
006040
006042
006044
006046
006048
006050
006052
006054
006056
006058
006060
006062
006064
006066
006068
006070
006072
006074
006076
006078
006080
006082
006084
006086
006088
006090
006092
006094
006096
006098
006100
006102
006104
006106
006108
006110
006112
006114
006116
006118
006120
006122
006124
006126
006128
006130
006132
006134
006136
006138
006140
006142
006144
006146
006148
006150
006152
006154
006156
006158
006160
006162
006164
006166
006168
006170
006172
006174
006176
006178
006180
006182
006184
006186
006188
006190
006192
006194
006196
006198
006200
006202
006204
006206
006208
006210
006212
006214
006216
006218
006220
006222
006224
006226
006228
006230
006232
006234
006236
006238
006240
006242
006244
006246
006248
006250
006252
006254
006256
006258
006260
006262
006264
006266
006268
006270
006272
006274
006276
006278
006280
006282
006284
006286
006288
006290
006292
006294
006296
006298
006300
006302
006304
006306
006308
006310
006312
006314
006316
006318
006320
006322
006324
006326
006328
006330
006332
006334
006336
006338
006340
006342
006344
006346
006348
006350
006352
006354
006356
006358
006360
006362
006364
006366
006368
006370
006372
006374
006376
006378
006380
006382
006384
006386
006388
006390
006392
006394
006396
006398
006400
006402
006404
006406
006408
006410
006412
006414
006416
006418
006420
006422
006424
006426
006428
006430
006432
006434
006436
006438
006440
006442
006444
006446
006448
006450
006452
006454
006456
006458
006460
006462
006464
006466
006468
006470
006472
006474
006476
006478
006480
006482
006484
006486
006488
006490
006492
006494
006496
006498
006500
006502
006504
006506
006508
006510
006512
006514
006516
006518
006520
006522
006524
006526
006528
006530
006532
006534
006536
006538
006540
006542
006544
006546
006548
006550
006552
006554
006556
006558
006560
006562
006564
006566
006568
006570
006572
006574
006576
006578
006580
006582
006584
006586
006588
006590
006592
006594
006596
006598
006600
006602
006604
006606
006608
006610
006612
006614
006616
006618
006620
006622
006624
006626
006628
006630
006632
006634
006636
006638
006640
006642
006644
006646
006648
006650
006652
006654
006656
006658
006660
006662
006664
006666
006668
006670
006672
006674
006676
006678
006680
006682
006684
006686
006688
006690
006692
006694
006696
006698
006700
006702
006704
006706
006708
006710
006712
006714
006716
006718
006720
006722
006724
006726
006728
006730
006732
006734
006736
006738
006740
006742
006744
006746
006748
006750
006752
006754
006756
006758
006760
006762
006764
006766
006768
006770
006772
006774
006776
006778
006780
006782
006784
006786
006788
006790
006792
006794
006796
006798
006800
006802
006804
006806
006808
006810
006812
006814
006816
006818
006820
006822
006824
006826
006828
006830
006832
006834
006836
006838
006840
006842
006844
006846
006848
006850
006852
006854
006856
006858
006860
006862
006864
006866
006868
006870
006872
006874
006876
006878
006880
006882
006884
006886
006888
006890
006892
006894
006896
006898
006900
006902
006904
006906
006908
006910
006912
006914
006916
006918
006920
006922
006924
006926
006928
006930
006932
006934
006936
006938
006940
006942
006944
006946
006948
006950
006952
006954
006956
006958
006960
006962
006964
006966
006968
006970
006972
006974
006976
006978
006980
006982
006984
006986
006988
006990
006992
006994
006996
006998
007000
007002
007004
007006
007008
007010
007012
007014
007016
007018
007020
007022
007024
007026
007028
007030
007032
007034
007036
007038
007040
007042
007044
007046
007048
007050
007052
007054
007056
007058
007060
007062
007064
007066
007068
007070
007072
007074
007076
007078
007080
007082
007084
007086
007088
007090
007092
007094
007096
007098
007100
007102
007104
007106
007108
007110
007112
007114
007116
007118
007120
007122
007124
007126
007128
007130
007132
007134
007136
007138
007140
007142
007144
007146
007148
007150
007152
007154
007156
007158
007160
007162
007164
007166
007168
007170
007172
007174
007176
007178
007180
007182
007184
007186
007188
007190
007192
007194
007196
007198
007200
007202
007204
007206
007208
007210
007212
007214
007216
007218
007220
007222
007224
007226
007228
007230
007232
007234
007236
007238
007240
007242
007244
007246
007248
007250
007252
007254
007256
007258
007260
007262
007264
007266
007268
007270
007272
007274
007276
007278
007280
007282
007284
007286
007288
007290
007292
007294
007296
007298
007300
007302
007304
007306
007308
007310
007312
007314
007316
007318
007320
007322
007324
007326
007328
007330
007332
007334
007336
007338
007340
007342
007344
007346
007348
007350
007352
007354
007356
007358
007360
007362
007364
007366
007368
007370
007372
007374
007376
007378
007380
007382
007384
007386
007388
007390
007392
007394
007396
007398
007400
007402
007404
007406
007408
007410
007412
007414
007416
007418
007420
007422
007424
007426
007428
007430
007432
007434
007436
007438
007440
007442
007444
007446
007448
007450
007452
007454
007456
007458
007460
007462
007464
007466
007468
007470
007472
007474
007476
007478
007480
007482
007484
007486
007488
007490
007492
007494
007496
007498
007500
007502
007504
007506
007508
007510
007512
007514
007516
007518
007520
007522
007524
007526
007528
007530
007532
007534
007536
007538
007540
007542
007544
007546
007548
007550
007552
007554
007556
007558
007560
007562
007564
007566
007568
007570
007572
007574
007576
007578
007580
007582
007584
007586
007588
007590
007592
007594
007596
007598
007600
007602
007604
007606
007608
007610
007612
007614
007616
007618
007620
007622
007624
007626
007628
007630
007632
007634
007636
007638
007640
007642
007644
007646
007648
007650
007652
007654
007656
007658
007660
007662
007664
007666
007668
007670
007672
007674
007676
007678
007680
007682
007684
007686
007688
007690
007692
007694
007696
007698
007700
007702
007704
007706
007708
007710
007712
007714
007716
007718
007720
007722
007724
007726
007728
007730
007732
007734
007736
007738
007740
007742
007744
007746
007748
007750
007752
007754
007756
007758
007760
007762
007764
007766
007768
007770
007772
007774
007776
007778
007780
007782
007784
007786
007788
007790
007792
007794
007796
007798
007800
007802
007804
007806
007808
007810
007812
007814
007816
007818
007820
007822
007824
007826
007828
007830
007832
007834
007836
007838
007840
007842
007844
007846
007848
007850
007852
007854
007856
007858
007860
007862
007864
007866
007868
007870
007872
007874
007876
007878
007880
007882
007884
007886
007888
007890
007892
007894
007896
007898
007900
007902
007904
007906
007908
007910
007912
007914
007916
007918
007920
007922
007924
007926
007928
007930
007932
007934
007936
007938
007940
007942
007944
007946
007948
007950
007952
007954
007956
007958
007960
007962
007964
007966
007968
007970
007972
007974
007976
007978
007980
007982
007984
007986
007988
007990
007992
007994
007996
007998
008000
008002
008004
008006
008008
008010
008012
008014
008016
008018
008020
008022
008024
008026
008028
008030
008032
008034
008036
008038
008040
008042
008044
008046
008048
008050
008052
008054
008056
008058
008060
008062
008064
008066
008068
008070
008072
008074
008076
008078
008080
008082
008084
008086
008088
008090
008092
008094
008096
008098
008100
008102
008104
008106
008108
008110
008112
008114
008116
008118
008120
008122
008124
008126
008128
008130
008132
008134
008136
008138
008140
008142
008144
008146
008148
008150
008152
008154
008156
008158
008160
008162
008164
008166
008168
008170
008172
008174
008176
008178
008180
008182
008184
008186
008188
008190
008192
008194
008196
008198
008200
008202
008204
008206
008208
008210
008212
008214
008216
008218
008220
008222
008224
008226
008228
008230
008232
008234
008236
008238
008240
008242
008244
008246
008248
008250
008252
008254
008256
008258
008260
008262
008264
008266
008268
008270
008272
008274
008276
008278
008280
008282
008284
008286
008288
008290
008292
008294
008296
008298
008300
008302
008304
008306
008308
008310
008312
008314
008316
008318
008320
008322
008324
008326
008328
008330
008332
008334
008336
008338
008340
008342
008344
008346
008348
008350
008352
008354
008356
008358
008360
008362
008364
008366
008368
008370
008372
008374
008376
008378
008380
008382
008384
008386
008388
008390
008392
008394
008396
008398
008400
008402
008404
008406
008408
008410
008412
008414
008416
008418
008420
008422
008424
008426
008428
008430
008432
008434
008436
008438
008440
008442
008444
008446
008448
008450
008452
008454
008456
008458
008460
008462
008464
008466
008468
008470
008472
008474
008476
008478
008480
008482
008484
008486
008488
008490
008492
008494
008496
008498
008500
008502
008504
008506
008508
008510
008512
008514
008516
008518
008520
008522
008524
008526
008528
008530
008532
008534
008536
008538
008540
008542
008544
008546
008548
008550
008552
008554
008556
008558
008560
008562
008564
008566
008568
008570
008572
008574
008576
008578
008580
008582
008584
008586
008588
008590
008592
008594
008596
008598
008600
008602
008604
008606
008608
008610
008612
008614
008616
008618
008620
008622
008624
008626
008628
008630
008632
008634
008636
008638
008640
008642
008644
008646
008648
008650
008652
008654
008656
008658
008660
008662
008664
008666
008668
008670
008672
008674
008676
008678
008680
008682
008684
008686
008688
008690
008692
008694
008696
008698
008700
008702
008704
008706
008708
008710
008712
008714
008716
008718
008720
008722
008724
008726
008728
008730
008732
008734
008736
008738
008740
008742
008744
008746
008748
008750
008752
008754
008756
008758
008760
008762
008764
008766
008768
008770
008772
008774
008776
008778
008780
008782
008784
008786
008788
008790
008792
008794
008796
008798
008800
008802
008804
008806
008808
008810
008812
008814
008816
008818
008820
008822
008824
008826
008828
008830
008832
008834
008836
008838
008840
008842
008844
008846
008848
008850
008852
008854
008856
008858
008860
008862
008864
008866
008868
008870
008872
008874
008876
008878
008880
008882
008884
008886
008888
008890
008892
008894
008896
008898
008900
008902
008904
008906
008908
008910
008912
008914
008916
008918
008920
008922
008924
008926
008928
008930
008932
008934
008936
008938
008940
008942
008944
008946
008948
008950
008952
008954
008956
008958
008960
008962
008964
008966
008968
008970
008972
008974
008976
008978
008980
008982
008984
008986
008988
008990
008992
008994
008996
008998
009000
009002
009004
009006
009008
009010
009012
009014
009016
009018
009020
009022
009024
009026
009028
009030
009032
009034
009036
009038
009040
009042
009044
009046
009048
009050
009052
009054
009056
009058
009060
009062
009064
009066
009068
009070
009072
009074
009076
009078
009080
009082
009084
009086
009088
009090
009092
009094
009096
009098
009100
009102
009104
009106
009108
009110
009112
009114
009116
009118
009120
009122
009124
009126
009128
009130
009132
009134
009136
009138
009140
009142
009144
009146
009148
009150
009152
009154
009156
009158
009160
009162
009164
009166
009168
009170
009172
009174
009176
009178
009180
009182
009184
009186
009188
009190
009192
009194
009196
009198
009200
009202
009204
009206
009208
009210
009212
009214
009216
009218
009220
009222
009224
009226
009228
009230
009232
009234
009236
009238
009240
009242
009244
009246
009248
009250
009252
009254
009256
009258
009260
009262
009264
009266
009268
009270
009272
009274
009276
009278
009280
009282
009284
009286
009288
009290
009292
009294
009296
009298
009300
009302
009304
009306
009308
009310
009312
009314
009316
009318
009320
009322
009324
009326
009328
009330
009332
009334
009336
009338
009340
009342
009344
009346
009348
009350
009352
009354
009356
009358
009360
009362
009364
009366
009368
009370
009372
009374
009376
009378
009380
009382
009384
009386
009388
009390
009392
009394
009396
009398
009400
009402
009404
009406
009408
009410
009412
009414
009416
009418
009420
009422
009424
009426
009428
009430
009432
009434
009436
009438
009440
009442
009444
009446
009448
009450
009452
009454
009456
009458
009460
009462
009464
009466
009468
009470
009472
009474
009476
009478
009480
009482
009484
009486
009488
009490
009492
009494
009496
009498
009500
009502
009504
009506
009508
009510
009512
009514
009516
009518
009520
009522
009524
009526
009528
009530
009532
009534
009536
009538
009540
009542
009544
009546
009548
009550
009552
009554
009556
009558
009560
009562
009564
009566
009568
009570
009572
009574
009576
009578
009580
009582
009584
009586
009588
009590
009592
009594
009596
009598
009600
009602
009604
009606
009608
009610
009612
009614
009616
009618
009620
009622
009624
009626
009628
009630
009632
009634
009636
009638
009640
009642
009644
009646
009648
009650
009652
009654
009656
009658
009660
009662
009664
009666
009668
009670
009672
009674
009676
009678
009680
009682
009684
009686
009688
009690
009692
009694
009696
009698
009700
009702
009704
009706
009708
009710
009712
009714
009716
009718
009720
009722
009724
009726
009728
009730
009732
009734
009736
009738
009740
009742
009744
009746
009748
009750
009752
009754
009756
009758
009760
009762
009764
009766
009768
009770
009772
009774
009776
009778
009780
009782
009784
009786
009788
009790
009792
009794
009796
009798
009800
009802
009804
009806
009808
009810
009812
009814
009816
009818
009820
009822
009824
009826
009828
009830
009832
009834
009836
009838
009840
009842
009844
009846
009848
009850
009852
009854
009856
009858
009860
009862
009864
009866
009868
009870
009872
009874
009876
009878
009880
009882
009884
009886
009888
009890
009892
009894
009896
009898
009900
009902
009904
009906
009908
009910
009912
009914
009916
009918
009920
009922
009924
009926
009928
009930
009932
009934
009936
009938
009940
009942
009944
009946
009948
009950
009952
009954
009956
009958
009960
009962
009964
009966
009968
009970
009972
009974
009976
009978
009980
009982
009984
009986
009988
009990
009992
009994
009996
009998
010000
010002
010004
010006
010008
010010
010012
010014
010016
010018
010020
010022
010024
010026
010028
010030
010032
010034
010036
010038
010040
010042
010044
010046
010048
010050
010052
010054
010056
010058
010060
010062
010064
010066
010068
010070
010072
010074
010076
010078
010080
010082
010084
010086
010088
010090
010092
010094
010096
010098
010100
010102
010104
010106
010108
010110
010112
010114
010116
010118
010120
010122
010124
010126
010128
010130
010132
010134
010136
010138
010140
010142
010144
010146
010148
010150
010152
010154
010156
010158
010160
010162
010164
010166
010168
010170
010172
010174
010176
010178
010180
010182
010184
010186
010188
010190
010192
010194
010196
010198
010200
010202
010204
010206
010208
010210
010212
010214
010216
010218
010220
010222
010224
010226
010228
010230
010232
010234
010236
010238
010240
010242
010244
010246
010248
010250
010252
010254
010256
010258
010260
010262
010264
010266
010268
010270
010272
010274
010276
010278
010280
010282
010284
010286
010288
010290
010292
010294
010296
010298
010300
010302
010304
010306
010308
010310
010312
010314
010316
010318
010320
010322
010324
010326
010328
010330
010332
010334
010336
010338
010340
010342
010344
010346
010348
010350
010352
010354
010356
010358
010360
010362
010364
010366
010368
010370
010372
010374
010376
010378
010380
010382
010384
010386
010388
010390
010392
010394
010396
010398
010400
010402
010404
010406
010408
010410
010412
010414
010416
010418
010420
010422
010424
010426
010428
010430
010432
010434
010436
010438
010440
010442
010444
010446
010448
010450
010452
010454
010456
010458
010460
010462
010464
010466
010468
010470
010472
010474
010476
010478
010480
010482
010484
010486
010488
010490
010492
010494
010496
010498
010500
010502
010504
010506
010508
010510
010512
010514
010516
010518
010520
010522
010524
010526
010528
010530
010532
010534
010536
010538
010540
010542
010544
010546
010548
010550
010552
010554
010556
010558
010560
010562
010564
010566
010568
010570
010572
010574
010576
010578
010580
010582
010584
010586
010588
010590
010592
010594
010596
010598
010600
010602
010604
010606
010608
010610
010612
010614
010616
010618
010620
010622
010624
010626
010628
010630
010632
010634
010636
010638
010640
010642
010644
010646
010648
010650
010652
010654
010656
010658
010660
010662
010664
010666
010668
010670
010672
010674
010676
010678
010680
010682
010684
010686
010688
010690
010692
010694
010696
010698
010700
010702
010704
010706
010708
010710
010712
010714
010716
010718
010720
010722
010724
010726
010728
010730
010732
010734
010736
010738
010740
010742
010744
010746
010748
010750
010752
010754
010756
010758
010760
010762
010764
010766
010768
010770
010772
010774
010776
010778
010780
010782
010784
010786
010788
010790
010792
010794
010796
010798
010800
010802
010804
010806
010808
010810
010812
010814
010816
010818
010820
010822
010824
010826
010828
010830
010832
010834
010836
010838
010840
010842
010844
010846
010848
010850
010852
010854
010856
010858
010860
010862
010864
010866
010868
010870
010872
010874
010876
010878
010880
010882
010884
010886
010888
010890
010892
010894
010896
010898
010900
010902
010904
010906
010908
010910
010912
010914
010916
010918
010920
010922
010924
010926
010928
010930
010932
010934
010936
010938
010940
010942
010944
010946
010948
010950
010952
010954
010956
010958
010960
010962
010964
010966
010968
010970
010972
010974
010976
010978
010980
010982
010984
010986
010988
010990
010992
010994
010996
010998
011000
011002
011004
011006
011008
011010
011012
011014
011016
011018
011020
011022
011024
011026
011028
011030
011032
011034
011036
011038
011040
011042
011044
011046
011048
011050
011052
011054
011056
011058
011060
011062
011064
011066
011068
011070
011072
011074
011076
011078
011080
011082
011084
011086
011088
011090
011092
011094
011096
011098
011100
011102
011104
011106
011108
011110
011112
011114
011116
011118
011120
011122
011124
011126
011128
011130
011132
011134
011136
011138
011140
011142
011144
011146
011148
011150
011152
011154
011156
011158
011160
011162
011164
011166
011168
011170
011172
011174
011176
011178
011180
011182
011184
011186
011188
011190
011192
011194
011196
011198
011200
011202
011204
011206
011208
011210
011212
011214
011216
011218
011220
011222
011224
011226
011228
011230
011232
011234
011236
011238
011240
011242
011244
011246
011248
011250
011252
011254
011256
011258
011260
011262
011264
011266
011268
011270
011272
011274
011276
011278
011280
011282
011284
011286
011288
011290
011292
011294
011296
011298
011300
011302
011304
011306
011308
011310
011312
011314
011316
011318
011320
011322
011324
011326
011328
011330
011332
011334
011336
011338
011340
011342
011344
011346
011348
011350
011352
011354
011356
011358
011360
011362
011364
011366
011368
011370
011372
011374
011376
011378
011380
011382
011384
011386
011388
011390
011392
011394
011396
011398
011400
011402
011404
011406
011408
011410
011412
011414
011416
011418
011420
011422
011424
011426
011428
011430
011432
011434
011436
011438
011440
011442
011444
011446
011448
011450
011452
011454
011456
011458
011460
011462
011464
011466
011468
011470
011472
011474
011476
011478
011480
011482
011484
011486
011488
011490
011492
011494
011496
011498
011500
011502
011504
011506
011508
011510
011512
011514
011516
011518
011520
011522
011524
011526
011528
011530
011532
011534
011536
011538
011540
011542
011544
011546
011548
011550
011552
011554
011556
011558
011560
011562
011564
011566
011568
011570
011572
011574
011576
011578
011580
011582
011584
011586
011588
011590
011592
011594
011596
011598
011600
011602
011604
011606
011608
011610
011612
011614
011616
011618
011620
011622
011624
011626
011628
011630
011632
011634
011636
011638
011640
011642
011644
011646
011648
011650
011652
011654
011656
011658
011660
011662
011664
011666
011668
011670
011672
011674
011676
011678
011680
011682
011684
011686
011688
011690
011692
011694
011696
011698
011700
011702
011704
011706
011708
011710
011712
011714
011716
011718
011720
011722
011724
011726
011728
011730
011732
011734
011736
011738
011740
011742
011744
011746
011748
011750
011752
011754
011756
011758
011760
011762
011764
011766
011768
011770
011772
011774
011776
011778
011780
011782
011784
011786
011788
011790
011792
011794
011796
011798
011800
011802
011804
011806
011808
011810
011812
011814
011816
011818
011820
011822
011824
011826
011828
011830
011832
011834
011836
011838
011840
011842
011844
011846
011848
011850
011852
011854
011856
011858
011860
011862
011864
011866
011868
011870
011872
011874
011876
011878
011880
011882
011884
011886
011888
011890
011892
011894
011896
011898
011900
011902
011904
011906
011908
011910
011912
011914
011916
011918
011920
011922
011924
011926
011928
011930
011932
011934
011936
011938
011940
011942
011944
011946
011948
011950
011952
011954
011956
011958
011960
011962
011964
011966
011968
011970
011972
011974
011976
011978
011980
011982
011984
011986
011988
011990
011992
011994
011996
011998
012000
012002
012004
012006
012008
012010
012012
012014
012016
012018
012020
012022
012024
012026
012028
012030
012032
012034
012036
012038
012040
012042
012044
012046
012048
012050
012052
012054
012056
012058
012060
012062
012064
012066
012068
012070
012072
012074
012076
012078
012080
012082
012084
012086
012088
012090
012092
012094
012096
012098
012100
012102
012104
012106
012108
012110
012112
012114
012116
012118
012120
012122
012124
012126
012128
012130
012132
012134
012136
012138
012140
012142
012144
012146
012148
012150
012152
012154
012156
012158
012160
012162
012164
012166
012168
012170
012172
012174
012176
012178
012180
012182
012184
012186
012188
012190
012192
012194
012196
012198
012200
012202
012204
012206
012208
012210
012212
012214
012216
012218
012220
012222
012224
012226
012228
012230
012232
012234
012236
012238
012240
012242
012244
012246
012248
012250
012252
012254
012256
012258
012260
012262
012264
012266
012268
012270
012272
012274
012276
012278
012280
012282
012284
012286
012288
012290
012292
012294
012296
012298
012300
012302
012304
012306
012308
012310
012312
012314
012316
012318
012320
012322
012324
012326
012328
012330
012332
012334
012336
012338
012340
012342
012344
012346
012348
012350
012352
012354
012356
012358
012360
012362
012364
012366
012368
012370
012372
012374
012376
012378
012380
012382
012384
012386
012388
012390
012392
012394
012396
012398
012400
012402
012404
012406
012408
012410
012412
012414
012416
012418
012420
012422
012424
012426
012428
012430
012432
012434
012436
012438
012440
012442
012444
012446
012448
012450
012452
012454
012456
012458
012460
012462
012464
012466
012468
012470
012472
012474
012476
012478
012480
012482
012484
012486
012488
012490
012492
012494
012496
012498
012500
012502
012504
012506
012508
012510
012512
012514
012516
012518
012520
012522
012524
012526
012528
012530
012532
012534
012536
012538
012540
012542
012544
012546
012548
012550
012552
012554
012556
012558
012560
012562
012564
012566
012568
012570
012572
012574
012576
012578
012580
012582
012584
012586
012588
012590
012592
012594
012596
012598
012600
012602
012604
012606
012608
012610
012612
012614
012616
012618
012620
012622
012624
012626
012628
012630
012632
012634
012636
012638
012640
012642
012644
012646
012648
012650
012652
012654
012656
012658
012660
012662
012664
012666
012668
012670
012672
012674
012676
012678
012680
012682
012684
012686
012688
012690
012692
012694
012696
012698
012700
012702
012704
012706
012708
012710
012712
012714
012716
012718
012720
012722
012724
012726
012728
012730
012732
012734
012736
012738
012740
012742
012744
012746
012748
012750
012752
012754
012756
012758
012760
012762
012764
012766
012768
012770
012772
012774
012776
012778
012780
012782
012784
012786
012788
012790
012792
012794
012796
012798
012800
012802
012804
012806
012808
012810
012812
012814
012816
012818
012820
012822
012824
012826
012828
012830
012832
012834
012836
012838
012840
012842
012844
012846
012848
012850
012852
012854
012856
012858
012860
012862
012864
012866
012868
012870
012872
012874
012876
012878
012880
012882
012884
012886
012888
012890
012892
012894
012896
012898
012900
012902
012904
012906
012908
012910
012912
012914
012916
012918
012920
012922
012924
012926
012928
012930
012932
012934
012936
012938
012940
012942
012944
012946
012948
012950
012952
012954
012956
012958
012960
012962
012964
012966
012968
012970
012972
012974
012976
012978
012980
012982
012984
012986
012988
012990
012992
012994
012996
012998
013000
013002
013004
013006
013008
013010
013012
013014
013016
013018
013020
013022
013024
013026
013028
013030
013032
013034
013036
013038
013040
013042
013044
013046
013048
013050
013052
013054
013056
013058
013060
013062
013064
013066
013068
013070
013072
013074
013076
013078
013080
013082
013084
013086
013088
013090
013092
013094
013096
013098
013100
013102
013104
013106
013108
013110
013112
013114
013116
013118
013120
013122
013124
013126
013128
013130
013132
013134
013136
013138
013140
013142
013144
013146
013148
013150
013152
013154
013156
013158
013160
013162
013164
013166
013168
013170
013172
013174
013176
013178
013180
013182
013184
013186
013188
013190
013192
013194
013196
013198
013200
013202
013204
013206
013208
013210
013212
013214
013216
013218
013220
013222
013224
013226
013228
013230
013232
013234
013236
013238
013240
013242
013244
013246
013248
013250
013252
013254
013256
013258
013260
013262
013264
013266
013268
013270
013272
013274
013276
013278
013280
013282
013284
013286
013288
013290
013292
013294
013296
013298
013300
013302
013304
013306
013308
013310
013312
013314
013316
013318
013320
013322
013324
013326
013328
013330
013332
013334
013336
013338
013340
013342
013344
013346
013348
013350
013352
013354
013356
013358
013360
013362
013364
013366
013368
013370
013372
013374
013376
013378
013380
013382
013384
013386
013388
013390
013392
013394
013396
013398
013400
013402
013404
013406
013408
013410
013412
013414
013416
013418
013420
013422
013424
013426
013428
013430
013432
013434
013436
013438
013440
013442
013444
013446
013448
013450
013452
013454
013456
013458
013460
013462
013464
013466
013468
013470
013472
013474
013476
013478
013480
013482
013484
013486
013488
013490
013492
013494
013496
013498
013500
013502
013504
013506
013508
013510
013512
013514
013516
013518
013520
013522
013524
013526
013528
013530
013532
013534
013536
013538
013540
013542
013544
013546
013548
013550
013552
013554
013556
013558
013560
013562
013564
013566
013568
013570
013572
013574
013576
013578
013580
013582
013584
013586
013588
013590
013592
013594
013596
013598
013600
013602
013604
013606
013608
013610
013612
013614
013616
013618
013620
013622
013624
013626
013628
013630
013632
013634
013636
013638
013640
013642
013644
013646
013648
013650
013652
013654
013656
013658
013660
013662
013664
013666
013668
013670
013672
013674
013676
013678
013680
013682
013684
013686
013688
013690
013692
013694
013696
013698
013700
013702
013704
013706
013708
013710
013712
013714
013716
013718
013720
013722
013724
013726
013728
013730
013732
013734
013736
013738
013740
013742
013744
013746
013748
013750
013752
013754
013756
013758
013760
013762
013764
013766
013768
013770
013772
013774
013776
013778
013780
013782
013784
013786
013788
013790
013792
013794
013796
013798
013800
013802
013804
013806
013808
013810
013812
013814
013816
013818
013820
013822
013824
013826
013828
013830
013832
013834
013836
013838
013840
013842
013844
013846
013848
013850
013852
013854
013856
013858
013860
013862
013864
013866
013868
013870
013872
013874
013876
013878
013880
013882
013884
013886
013888
013890
013892
013894
013896
013898
013900
013902
013904
013906
013908
013910
013912
013914
013916
013918
013920
013922
013924
013926
013928
013930
013932
013934
013936
013938
013940
013942
013944
013946
013948
013950
013952
013954
013956
013958
013960
013962
013964
013966
013968
013970
013972
013974
013976
013978
013980
013982
013984
013986
013988
013990
013992
013994
013996
013998
014000
014002
014004
014006
014008
014010
014012
014014
014016
014018
014020
014022
014024
014026
014028
014030
014032
014034
014036
014038
014040
014042
014044
014046
014048
014050
014052
014054
014056
014058
014060
014062
014064
014066
014068
014070
014072
014074
014076
014078
014080
014082
014084
014086
014088
014090
014092
014094
014096
014098
014100
014102
014104
014106
014108
014110
014112
014114
014116
014118
014120
014122
014124
014126
014128
014130
014132
014134
014136
014138
014140
014142
014144
014146
014148
014150
014152
014154
014156
014158
014160
014162
014164
014166
014168
014170
014172
014174
014176
014178
014180
014182
014184
014186
014188
014190
014192
014194
014196
014198
014200
014202
014204
014206
014208
014210
014212
014214
014216
014218
014220
014222
014224
014226
014228
014230
014232
014234
014236
014238
014240
014242
014244
014246
014248
014250
014252
014254
014256
014258
014260
014262
014264
014266
014268
014270
014272
014274
014276
014278
014280
014282
014284
014286
014288
014290
014292
014294
014296
014298
014300
014302
014304
014306
014308
014310
014312
014314
014316
014318
014320
014322
014324
014326
014328
014330
014332
014334
014336
014338
014340
014342
014344
014346
014348
014350
014352
014354
014356
014358
014360
014362
014364
014366
014368
014370
014372
014374
014376
014378
014380
014382
014384
014386
014388
014390
014392
014394
014396
014398
014400
014402
014404
014406
014408
014410
014412
014414
014416
014418
014420
014422
014424
014426
014428
014430
014432
014434
014436
014438
014440
014442
014444
014446
014448
014450
014452
014454
014456
014458
014460
014462
014464
014466
014468
014470
014472
014474
014476
014478
014480
014482
014484
014486
014488
014490
014492
014494
014496
014498
014500
014502
014504
014506
014508
014510
014512
014514
014516
014518
014520
014522
014524
014526
014528
014530
014532
014534
014536
014538
014540
014542
014544
014546
014548
014550
014552
014554
014556
014558
014560
014562
014564
014566
014568
014570
014572
014574
014576
014578
014580
014582
014584
014586
014588
014590
014592
014594
014596
014598
014600
014602
014604
014606
014608
014610
014612
014614
014616
014618
014620
014622
014624
014626
014628
014630
014632
014634
014636
014638
014640
014642
014644
014646
014648
014650
014652
014654
014656
014658
014660
014662
014664
014666
014668
014670
014672
014674
014676
014678
014680
014682
014684
014686
014688
014690
014692
014694
014696
014698
014700
014702
014704
014706
014708
014710
014712
014714
014716
014718
014720
014722
014724
014726
014728
014730
014732
014734
014736
014738
014740
014742
014744
014746
014748
014750
014752
014754
014756
014758
014760
014762
014764
014766
014768
014770
014772
014774
014776
014778
014780
014782
014784
014786
014788
014790
014792
014794
014796
014798
014800
014802
014804
014806
014808
014810
014812
014814
014816
014818
014820
014822
014824
014826
014828
014830
014832
014834
014836
014838
014840
014842
014844
014846
014848
014850
014852
014854
014856
014858
014860
014862
014864
014866
014868
014870
014872
014874
014876
014878
014880
014882
014884
014886
014888
014890
014892
014894
014896
014898
014900
014902
014904
014906
014908
014910
014912
014914
014916
014918
014920
014922
014924
014926
014928
014930
014932
014934
014936
014938
014940
014942
014944
014946
014948
014950
014952
014954
014956
014958
014960
014962
014964
014966
014968
014970
014972
014974
014976
014978
014980
014982
014984
014986
014988
014990
014992
014994
014996
014998
015000
015002
015004
015006
015008
015010
015012
015014
015016
015018
015020
015022
015024
015026
015028
015030
015032
015034
015036
015038
015040
015042
015044
015046
015048
015050
015052
015054
015056
015058
015060
015062
015064
015066
015068
015070
015072
015074
015076
015078
015080
015082
015084
015086
015088
015090
015092
015094
015096
015098
015100
015102
015104
015106
015108
015110
015112
015114
015116
015118
015120
015122
015124
015126
015128
015130
015132
015134
015136
015138
015140
015142
015144
015146
015148
015150
015152
015154
015156
015158
015160
015162
015164
015166
015168
015170
015172
015174
015176
015178
015180
015182
015184
015186
015188
015190
015192
015194
015196
015198
015200
015202
015204
015206
015208
015210
015212
015214
015216
015218
015220
015222
015224
015226
015228
015230
015232
015234
015236
015238
015240
015242
015244
015246
015248
015250
015252
015254
015256
015258
015260
015262
015264
015266
015268
015270
015272
015274
015276
015278
015280
015282
015284
015286
015288
015290
015292
015294
015296
015298
015300
015302
015304
015306
015308
015310
015312
015314
015316
015318
015320
015322
015324
015326
015328
015330
015332
015334
015336
015338
015340
015342
015344
015346
015348
015350
015352
015354
015356
015358
015360
015362
015364
015366
015368
015370
015372
015374
015376
015378
015380
015382
015384
015386
015388
015390
015392
015394
015396
015398
015400
015402
015404
015406
015408
015410
015412
015414
015416
015418
015420
015422
015424
015426
015428
015430
015432
015434
015436
015438
015440
015442
015444
015446
015448
015450
015452
015454
015456
015458
015460
015462
015464
015466
015468
015470
015472
015474
015476
015478
015480
015482
015484
015486
015488
015490
015492
015494
015496
015498
015500
015502
015504
015506
015508
015510
015512
015514
015516
015518
015520
015522
015524
015526
015528
015530
015532
015534
015536
015538
015540
015542
015544
015546
015548
015550
015552
015554
015556
015558
015560
015562
015564
015566
015568
015570
015572
015574
015576
015578
015580
015582
015584
015586
015588
015590
015592
015594
015596
015598
015600
015602
015604
015606
015608
015610
015612
015614
015616
015618
015620
015622
015624
015626
015628
015630
015632
015634
015636
015638
015640
015642
015644
015646
015648
015650
015652
015654
015656
015658
015660
015662
015664
015666
015668
015670
015672
015674
015676
015678
015680
015682
015684
015686
015688
015690
015692
015694
015696
015698
015700
015702
015704
015706
015708
015710
015712
015714
015716
015718
015720
015722
015724
015726
015728
015730
015732
015734
015736
015738
015740
015742
015744
015746
015748
015750
015752
015754
015756
015758
015760
015762
015764
015766
015768
015770
015772
015774
015776
015778
015780
015782
015784
015786
015788
015790
015792
015794
015796
015798
015800
015802
015804
015806
015808
015810
015812
015814
015816
015818
015820
015822
015824
015826
015828
015830
015832
015834
015836
015838
015840
015842
015844
015846
015848
015850
015852
015854
015856
015858
015860
015862
015864
015866
015868
015870
015872
015874
015876
015878
015880
015882
015884
015886
015888
015890
015892
015894
015896
015898
015900
015902
015904
015906
015908
015910
015912
015914
015916
015918
015920
015922
015924
015926
015928
015930
015932
015934
015936
015938
015940
015942
015944
015946
015948
015950
015952
015954
015956
015958
015960
015962
015964
015966
015968
015970
015972
015974
015976
015978
015980
015982
015984
015986
015988
015990
015992
015994
015996
015998
016000
016002
016004
016006
016008
016010
016012
016014
016016
016018
016020
016022
016024
016026
016028
016030
016032
016034
016036
016038
016040
016042
016044
016046
016048
016050
016052
016054
016056
016058
016060
016062
016064
016066
016068
016070
016072
016074
016076
016078
016080
016082
016084
016086
016088
016090
016092
016094
016096
016098
016100
016102
016104
016106
016108
016110
016112
016114
016116
016118
016120
016122
016124
016126
016128
016130
016132
016134
016136
016138
016140
016142
016144
016146
016148
016150
016152
016154
016156
016158
016160
016162
016164
016166
016168
016170
016172
016174
016176
016178
016180
016182
016184
016186
016188
016190
016192
016194
016196
016198
016200
016202
016204
016206
016208
016210
016212
016214
016216
016218
016220
016222
016224
016226
016228
016230
016232
016234
016236
016238
016240
016242
016244
016246
016248
016250
016252
016254
016256
016258
016260
016262
016264
016266
016268
016270
016272
016274
016276
016278
016280
016282
016284
016286
016288
016290
016292
016294
016296
016298
016300
016302
016304
016306
016308
016310
016312
016314
016316
016318
016320
016322
016324
016326
016328
016330
016332
016334
016336
016338
016340
016342
016344
016346
016348
016350
016352
016354
016356
016358
016360
016362
016364
016366
016368
016370
016372
016374
016376
016378
016380
016382
016384
016386
016388
016390
016392
016394
016396
016398
016400
016402
016404
016406
016408
016410
016412
016414
016416
016418
016420
016422
016424
016426
016428
016430
016432
016434
016436
016438
016440
016442
016444
016446
016448
016450
016452
016454
016456
016458
016460
016462
016464
016466
016468
016470
016472
016474
016476
016478
016480
016482
016484
016486
016488
016490
016492
016494
016496
016498
016500
016502
016504
016506
016508
016510
016512
016514
016516
016518
016520
016522
016524
016526
016528
016530
016532
016534
016536
016538
016540
016542
016544
016546
016548
016550
016552
016554
016556
016558
016560
016562
016564
016566
016568
016570
016572
016574
016576
016578
016580
016582
016584
016586
016588
016590
016592
016594
016596
016598
016600
016602
016604
016606
016608
016610
016612
016614
016616
016618
016620
016622
016624
016626
016628
016630
016632
016634
016636
016638
016640
016642
016644
016646
016648
016650
016652
016654
016656
016658
016660
016662
016664
016666
016668
016670
016672
016674
016676
016678
016680
016682
016684
016686
016688
016690
016692
016694
016696
016698
016700
016702
016704
016706
016708
016710
016712
016714
016716
016718
016720
016722
016724
016726
016728
016730
016732
016734
016736
016738
016740
016742
016744
016746
016748
016750
016752
016754
016756
016758
016760
016762
016764
016766
016768
016770
016772
016774
016776
016778
016780
016782
016784
016786
016788
016790
016792
016794
016796
016798
016800
016802
016804
016806
016808
016810
016812
016814
016816
016818
016820
016822
016824
016826
016828
016830
016832
016834
016836
016838
016840
016842
016844
016846
016848
016850
016852
016854
016856
016858
016860
016862
016864
016866
016868
016870
016872
016874
016876
016878
016880
016882
016884
016886
016888
016890
016892
016894
016896
016898
016900
016902
016904
016906
016908
016910
016912
016914
016916
016918
016920
016922
016924
016926
016928
016930
016932
016934
016936
016938
016940
016942
016944
016946
016948
016950
016952
016954
016956
016958
016960
016962
016964
016966
016968
016970
016972
016974
016976
016978
016980
016982
016984
016986
016988
016990
016992
016994
016996
016998
017000
017002
017004
017006
017008
017010
017012
017014
017016
017018
017020
017022
017024
017026
017028
017030
017032
017034
017036
017038
017040
017042
017044
017046
017048
017050
017052
017054
017056
017058
017060
017062
017064
017066
017068
017070
017072
017074
017076
017078
017080
017082
017084
017086
017088
017090
017092
017094
017096
017098
017100
017102
017104
017106
017108
017110
017112
017114
017116
017118
017120
017122
017124
017126
017128
017130
017132
017134
017136
017138
017140
017142
017144
017146
017148
017150
017152
017154
017156
017158
017160
017162
017164
017166
017168
017170
017172
017174
017176
017178
017180
017182
017184
017186
017188
017190
017192
017194
017196
017198
017200
017202
017204
017206
017208
017210
017212
017214
017216
017218
017220
017222
017224
017226
017228
017230
017232
017234
017236
017238
017240
017242
017244
017246
017248
017250
017252
017254
017256
017258
017260
017262
017264
017266
017268
017270
017272
017274
017276
017278
017280
017282
017284
017286
017288
017290
017292
017294
017296
017298
017300
017302
017304
017306
017308
017310
017312
017314
017316
017318
017320
017322
017324
017326
017328
017330
017332
017334
017336
017338
017340
017342
017344
017346
017348
017350
017352
017354
017356
017358
017360
017362
017364
017366
017368
017370
017372
017374
017376
017378
017380
017382
017384
017386
017388
017390
017392
017394
017396
017398
017400
017402
017404
017406
017408
017410
017412
017414
017416
017418
017420
017422
017424
017426
017428
017430
017432
017434
017436
017438
017440
017442
017444
017446
017448
017450
017452
017454
017456
017458
017460
017462
017464
017466
017468
017470
017472
017474
017476
017478
017480
017482
017484
017486
017488
017490
017492
017494
017496
017498
017500
017502
017504
017506
017508
017510
017512
017514
017516
017518
017520
017522
017524
017526
017528
017530
017532
017534
017536
017538
017540
017542
017544
017546
017548
017550
017552
017554
017556
017558
017560
017562
017564
017566
017568
017570
017572
017574
017576
017578
017580
017582
017584
017586
017588
017590
017592
017594
017596
017598
017600
017602
017604
017606
017608
017610
017612
017614
017616
017618
017620
017622
017624
017626
017628
017630
017632
017634
017636
017638
017640
017642
017644
017646
017648
017650
017652
017654
017656
017658
017660
017662
017664
017666
017668
017670
017672
017674
017676
017678
017680
017682
017684
017686
017688
017690
017692
017694
017696
017698
017700
017702
017704
017706
017708
017710
017712
017714
017716
017718
017720
017722
017724
017726
017728
017730
017732
017734
017736
017738
017740
017742
017744
017746
017748
017750
017752
017754
017756
017758
017760
017762
017764
017766
017768
017770
017772
017774
017776
017778
017780
017782
017784
017786
017788
017790
017792
017794
017796
017798
017800
017802
017804
017806
017808
017810
017812
017814
017816
017818
017820
017822
017824
017826
017828
017830
017832
017834
017836
017838
017840
017842
017844
017846
017848
017850
017852
017854
017856
017858
017860
017862
017864
017866
017868
017870
017872
017874
017876
017878
017880
017882
017884
017886
017888
017890
017892
017894
017896
017898
017900
017902
017904
017906
017908
017910
017912
017914
017916
017918
017920
017922
017924
017926
017928
017930
017932
017934
017936
017938
017940
017942
017944
017946
017948
017950
017952
017954
017956
017958
017960
017962
017964
017966
017968
017970
017972
017974
017976
017978
017980
017982
017984
017986
017988
017990
017992
017994
017996
017998
018000
018002
018004
018006
018008
018010
018012
018014
018016
018018
018020
018022
018024
018026
018028
018030
018032
018034
018036
018038
018040
018042
018044
018046
018048
018050
018052
018054
018056
018058
018060
018062
018064
018066
018068
018070
018072
018074
018076
018078
018080
018082
018084
018086
018088
018090
018092
018094
018096
018098
018100
018102
018104
018106
018108
018110
018112
018114
018116
018118
018120
018122
018124
018126
018128
018130
018132
018134
018136
018138
018140
018142
018144
018146
018148
018150
018152
018154
018156
018158
018160
018162
018164
018166
018168
018170
018172
018174
018176
018178
018180
018182
018184
018186
018188
018190
018192
018194
018196
018198
018200
018202
018204
018206
018208
018210
018212
018214
018216
018218
018220
018222
018224
018226
018228
018230
018232
018234
018236
018238
018240
018242
018244
018246
018248
018250
018252
018254
018256
018258
018260
018262
018264
018266
018268
018270
018272
018274
018276
018278
018280
018282
018284
018286
018288
018290
018292
018294
018296
018298
018300
018302
018304
018306
018308
018310
018312
018314
018316
018318
018320
018322
018324
018326
018328
018330
018332
018334
018336
018338
018340
018342
018344
018346
018348
018350
018352
018354
018356
018358
018360
018362
018364
018366
018368
018370
018372
018374
018376
018378
018380
018382
018384
018386
018388
018390
018392
018394
018396
018398
018400
018402
018404
018406
018408
018410
018412
018414
018416
018418
018420
018422
018424
018426
018428
018430
018432
018434
018436
018438
018440
018442
018444
018446
018448
018450
018452
018454
018456
018458
018460
018462
018464
018466
018468
018470
018472
018474
018476
018478
018480
018482
018484
018486
018488
018490
018492
018494
018496
018498
018500
018502
018504
018506
018508
018510
018512
018514
018516
018518
018520
018522
018524
018526
018528
018530
018532
018534
018536
018538
018540
018542
018544
018546
018548
018550
018552
018554
018556
018558
018560
018562
018564
018566
018568
018570
018572
018574
018576
018578
018580
018582
018584
018586
018588
018590
018592
018594
018596
018598
018600
018602
018604
018606
018608
018610
018612
018614
018616
018618
018620
018622
018624
018626
018628
018630
018632
018634
018636
018638
018640
018642
018644
018646
018648
018650
018652
018654
018656
018658
018660
018662
018664
018666
018668
018670
018672
018674
018676
018678
018680
018682
018684
018686
018688
018690
018692
018694
018696
018698
018700
018702
018704
018706
018708
018710
018712
018714
018716
018718
018720
018722
018724
018726
018728
018730
018732
018734
018736
018738
018740
018742
018744
018746
018748
018750
018752
018754
018756
018758
018760
018762
018764
018766
018768
018770
018772
018774
018776
018778
018780
018782
018784
018786
018788
018790
018792
018794
018796
018798
018800
018802
018804
018806
018808
018810
018812
018814
018816
018818
018820
018822
018824
018826
018828
018830
018832
018834
018836
018838
018840
018842
018844
018846
018848
018850
018852
018854
018856
018858
018860
018862
018864
018866
018868
018870
018872
018874
018876
018878
018880
018882
018884
018886
018888
018890
018892
018894
018896
018898
018900
018902
018904
018906
018908
018910
018912
018914
018916
018918
018920
018922
018924
018926
018928
018930
018932
018934
018936
018938
018940
018942
018944
018946
018948
018950
018952
018954
018956
018958
018960
018962
018964
018966
018968
018970
018972
018974
018976
018978
018980
018982
018984
018986
018988
018990
018992
018994
018996
018998
019000
019002
019004
019006
019008
019010
019012
019014
019016
019018
019020
019022
019024
019026
019028
019030
019032
019034
019036
019038
019040
019042
019044
019046
019048
019050
019052
019054
019056
019058
019060
019062
019064
019066
019068
019070
019072
019074
019076
019078
019080
019082
019084
019086
019088
019090
019092
019094
019096
019098
019100
019102
019104
019106
019108
019110
019112
019114
019116
019118
019120
019122
019124
019126
019128
019130
019132
019134
019136
019138
019140
019142
019144
019146
019148
019150
019152
019154
019156
019158
019160
019162
019164
019166
019168
019170
019172
019174
019176
019178
019180
019182
019184
019186
019188
019190
019192
019194
019196
019198
019200
019202
019204
019206
019208
019210
019212
019214
019216
019218
019220
019222
019224
019226
019228
019230
019232
019234
019236
019238
019240
019242
019244
019246
019248
019250
019252
019254
019256
019258
019260
019262
019264
019266
019268
019270
019272
019274
019276
019278
019280
019282
019284
019286
019288
019290
019292
019294
019296
019298
019300
019302
019304
019306
019308
019310
019312
019314
019316
019318
019320
019322
019324
019326
019328
019330
019332
019334
019336
019338
019340
019342
019344
019346
019348
019350
019352
019354
019356
019358
019360
019362
019364
019366
019368
019370
019372
019374
019376
019378
019380
019382
019384
019386
019388
019390
019392
019394
019396
019398
019400
019402
019404
019406
019408
019410
019412
019414
019416
019418
019420
019422
019424
019426
019428
019430
019432
019434
019436
019438
019440
019442
019444
019446
019448
019450
019452
019454
019456
019458
019460
019462
019464
019466
019468
019470
019472
019474
019476
019478
019480
019482
019484
019486
019488
019490
019492
019494
019496
019498
019500
019502
019504
019506
019508
019510
019512
019514
019516
019518
019520
019522
019524
019526
019528
019530
019532
019534
019536
019538
019540
019542
019544
019546
019548
019550
019552
019554
019556
019558
019560
019562
019564
019566
019568
019570
019572
019574
019576
019578
019580
019582
019584
019586
019588
019590
019592
019594
019596
019598
019600
019602
019604
019606
019608
019610
019612
019614
019616
019618
019620
019622
019624
019626
019628
019630
019632
019634
019636
019638
019640
019642
019644
019646
019648
019650
019652
019654
019656
019658
019660
019662
019664
019666
019668
019670
019672
019674
019676
019678
019680
019682
019684
019686
019688
019690
019692
019694
019696
019698
019700
019702
019704
019706
019708
019710
019712
019714
019716
019718
019720
019722
019724
019726
019728
019730
019732
019734
019736
019738
019740
019742
019744
019746
019748
019750
019752
019754
019756
019758
019760
019762
019764
019766
019768
019770
019772
019774
019776
019778
019780
019782
019784
019786
019788
019790
019792
019794
019796
019798
019800
019802
019804
019806
019808
019810
019812
019814
019816
019818
019820
019822
019824
019826
019828
019830
019832
019834
019836
019838
019840
019842
019844
019846
019848
019850
019852
019854
019856
019858
019860
019862
019864
019866
019868
019870
019872
019874
019876
019878
019880
019882
019884
019886
019888
019890
019892
019894
019896
019898
019900
019902
019904
019906
019908
019910
019912
019914
019916
019918
019920
019922
019924
019926
019928
019930
019932
019934
019936
019938
019940
019942
019944
019946
019948
019950
019952
019954
019956
019958
019960
019962
019964
019966
019968
019970
019972
019974
019976
019978
019980
019982
019984
019986
019988
019990
019992
019994
019996
019998
020000
020002
020004
020006
020008
020010
020012
020014
020016
020018
020020
020022
020024
020026
020028
020030
020032
020034
020036
020038
020040
020042
020044
020046
020048
020050
020052
020054
020056
020058
020060
020062
020064
020066
020068
020070
020072
020074
020076
020078
020080
020082
020084
020086
020088
020090
020092
020094
020096
020098
020100
020102
020104
020106
020108
020110
020112
020114
020116
020118
020120
020122
020124
020126
020128
020130
020132
020134
020136
020138
020140
020142
020144
020146
020148
020150
020152
020154
020156
020158
020160
020162
020164
020166
020168
020170
020172
020174
020176
020178
020180
020182
020184
020186
020188
020190
020192
020194
020196
020198
020200
020202
020204
020206
020208
020210
020212
020214
020216
020218
020220
020222
020224
020226
020228
020230
020232
020234
020236
020238
020240
020242
020244
020246
020248
020250
020252
020254
020256
020258
020260
020262
020264
020266
020268
020270
020272
020274
020276
020278
020280
020282
020284
020286
020288
020290
020292
020294
020296
020298
020300
020302
020304
020306
020308
020310
020312
020314
020316
020318
020320
020322
020324
020326
020328
020330
020332
020334
020336
020338
020340
020342
020344
020346
020348
020350
020352
020354
020356
020358
020360
020362
020364
020366
020368
020370
020372
020374
020376
020378
020380
020382
020384
020386
020388
020390
020392
020394
020396
020398
020400
020402
020404
020406
020408
020410
020412
020414
020416
020418
020420
020422
020424
020426
020428
020430
020432
020434
020436
020438
020440
020442
020444
020446
020448
020450
020452
020454
020456
020458
020460
020462
020464
020466
020468
020470
020472
020474
020476
020478
020480
020482
020484
020486
020488
020490
020492
020494
020496
020498
020500
020502
020504
020506
020508
020510
020512
020514
020516
020518
020520
020522
020524
020526
020528
020530
020532
020534
020536
020538
020540
020542
020544
020546
020548
020550
020552
020554
020556
020558
020560
020562
020564
020566
020568
020570
020572
020574
020576
020578
020580
020582
020584
020586
020588
020590
020592
020594
020596
020598
020600
020602
020604
020606
020608
020610
020612
020614
020616
020618
020620
020622
020624
020626
020628
020630
020632
020634
020636
020638
020640
020642
020644
020646
020648
020650
020652
020654
020656
020658
020660
020662
020664
020666
020668
020670
020672
020674
020676
020678
020680
020682
020684
020686
020688
020690
020692
020694
020696
020698
020700
020702
020704
020706
020708
020710
020712
020714
020716
020718
020720
020722
020724
020726
020728
020730
020732
020734
020736
020738
020740
020742
020744
020746
020748
020750
020752
020754
020756
020758
020760
020762
020764
020766
020768
020770
020772
020774
020776
020778
020780
020782
020784
020786
020788
020790
020792
020794
020796
020798
020800
020802
020804
020806
020808
020810
020812
020814
020816
020818
020820
020822
020824
020826
020828
020830
020832
020834
020836
020838
020840
020842
020844
020846
020848
020850
020852
020854
020856
020858
020860
020862
020864
020866
020868
020870
020872
020874
020876
020878
020880
020882
020884
020886
020888
020890
020892
020894
020896
020898
020900
020902
020904
020906
020908
020910
020912
020914
020916
020918
020920
020922
020924
020926
020928
020930
020932
020934
020936
020938
020940
020942
020944
020946
020948
020950
020952
020954
020956
020958
020960
020962
020964
020966
020968
020970
020972
020974
020976
020978
020980
020982
020984
020986
020988
020990
020992
020994
020996
020998
021000
021002
021004
021006
021008
021010
021012
021014
021016
021018
021020
021022
021024
021026
021028
021030
021032
021034
021036
021038
021040
021042
021044
021046
021048
021050
021052
021054
021056
021058
021060
021062
021064
021066
021068
021070
021072
021074
021076
021078
021080
021082
021084
021086
021088
021090
021092
021094
021096
021098
021100
021102
021104
021106
021108
021110
021112
021114
021116
021118
021120
021122
021124
021126
021128
021130
021132
021134
021136
021138
021140
021142
021144
021146
021148
021150
021152
021154
021156
021158
021160
021162
021164
021166
021168
021170
021172
021174
021176
021178
021180
021182
021184
021186
021188
021190
021192
021194
021196
021198
021200
021202
021204
021206
021208
021210
021212
021214
021216
021218
021220
021222
021224
021226
021228
021230
021232
021234
021236
021238
021240
021242
021244
021246
021248
021250
021252
021254
021256
021258
021260
021262
021264
021266
021268
021270
021272
021274
021276
021278
021280
021282
021284
021286
021288
021290
021292
021294
021296
021298
021300
021302
021304
021306
021308
021310
021312
021314
021316
021318
021320
021322
021324
021326
021328
021330
021332
021334
021336
021338
021340
021342
021344
021346
021348
021350
021352
021354
021356
021358
021360
021362
021364
021366
021368
021370
021372
021374
021376
021378
021380
021382
021384
021386
021388
021390
021392
021394
021396
021398
021400
021402
021404
021406
021408
021410
021412
021414
021416
021418
021420
021422
021424
021426
021428
021430
021432
021434
021436
021438
021440
021442
021444
021446
021448
021450
021452
021454
021456
021458
021460
021462
021464
021466
021468
021470
021472
021474
021476
021478
021480
021482
021484
021486
021488
021490
021492
021494
021496
021498
021500
021502
021504
021506
021508
021510
021512
021514
021516
021518
021520
021522
021524
021526
021528
021530
021532
021534
021536
021538
021540
021542
021544
021546
021548
021550
021552
021554
021556
021558
021560
021562
021564
021566
021568
021570
021572
021574
021576
021578
021580
021582
021584
021586
021588
021590
021592
021594
021596
021598
021600
021602
021604
021606
021608
021610
021612
021614
021616
021618
021620
021622
021624
021626
021628
021630
021632
021634
021636
021638
021640
021642
021644
021646
021648
021650
021652
021654
021656
021658
021660
021662
021664
021666
021668
021670
021672
021674
021676
021678
021680
021682
021684
021686
021688
021690
021692
021694
021696
021698
021700
021702
021704
021706
021708
021710
021712
021714
021716
021718
021720
021722
021724
021726
021728
021730
021732
021734
021736
021738
021740
021742
021744
021746
021748
021750
021752
021754
021756
021758
021760
021762
021764
021766
021768
021770
021772
021774
021776
021778
021780
021782
021784
021786
021788
021790
021792
021794
021796
021798
021800
021802
021804
021806
021808
021810
021812
021814
021816
021818
021820
021822
021824
021826
021828
021830
021832
021834
021836
021838
021840
021842
021844
021846
021848
021850
021852
021854
021856
021858
021860
021862
021864
021866
021868
021870
021872
021874
021876
021878
021880
021882
021884
021886
021888
021890
021892
021894
021896
021898
021900
021902
021904
021906
021908
021910
021912
021914
021916
021918
021920
021922
021924
021926
021928
021930
021932
021934
021936
021938
021940
021942
021944
021946
021948
021950
021952
021954
021956
021958
021960
021962
021964
021966
021968
021970
021972
021974
021976
021978
021980
021982
021984
021986
021988
021990
021992
021994
021996
021998
022000
022002
022004
022006
022008
022010
022012
022014
022016
022018
022020
022022
022024
022026
022028
022030
022032
022034
022036
022038
022040
022042
022044
022046
022048
022050
022052
022054
022056
022058
022060
022062
022064
022066
022068
022070
022072
022074
022076
022078
